380    0.380424
381    0.386493
382    0.402380
383    0.422017
384    0.437905
385    0.443973
386    0.445837
387    0.450718
388    0.456752
389    0.461633
390    0.463497
391    0.474927
392    0.504851
393    0.541838
394    0.571762
395    0.583192
396    0.594622
397    0.624545
398    0.661533
399    0.691456
400    0.702886
401    0.706412
402    0.715644
403    0.727055
404    0.736287
405    0.739813
406    0.743339
407    0.752571
408    0.763982
409    0.773214
410    0.776740
411    0.777510
412    0.779526
413    0.782019
414    0.784035
415    0.784805
416    0.785575
417    0.787591
418    0.790083
419    0.792099
420    0.792869
421    0.790154
422    0.783044
423    0.774256
424    0.767147
425    0.764431
426    0.761716
427    0.754606
428    0.745818
429    0.738709
430    0.735993
431    0.743370
432    0.762682
433    0.786554
434    0.805866
435    0.813243
436    0.820619
437    0.839932
438    0.863803
439    0.883116
440    0.890492
441    0.895397
442    0.908236
443    0.924107
444    0.936946
445    0.941851
446    0.946755
447    0.959594
448    0.975465
449    0.988305
450    0.993209
451    0.993533
452    0.994382
453    0.995431
454    0.996280
455    0.996604
456    0.996929
457    0.997778
458    0.998827
459    0.999676
460    1.000000
461    0.998825
462    0.995747
463    0.991944
464    0.988866
465    0.987691
466    0.986516
467    0.983438
468    0.979635
469    0.976557
470    0.975382
471    0.975787
472    0.976848
473    0.978160
474    0.979221
475    0.979626
476    0.980032
477    0.981093
478    0.982405
479    0.983466
480    0.983871
481    0.980993
482    0.973459
483    0.964147
484    0.956613
485    0.953735
486    0.950857
487    0.943323
488    0.934011
489    0.926477
490    0.923599
491    0.923843
492    0.924479
493    0.925266
494    0.925903
495    0.926146
496    0.926389
497    0.927026
498    0.927813
499    0.928450
500    0.928693
501    0.928044
502    0.926346
503    0.924248
504    0.922550
505    0.921902
506    0.921253
507    0.919555
508    0.917457
509    0.915759
510    0.915110
511    0.913894
512    0.910711
513    0.906776
514    0.903593
515    0.902377
516    0.901161
517    0.897978
518    0.894043
519    0.890859
520    0.889643
521    0.890819
522    0.893896
523    0.897700
524    0.900777
525    0.901952
526    0.903128
527    0.906205
528    0.910009
529    0.913086
530    0.914261
531    0.912924
532    0.909422
533    0.905094
534    0.901592
535    0.900255
536    0.898917
537    0.895415
538    0.891087
539    0.887585
540    0.886248
541    0.886086
542    0.885661
543    0.885137
544    0.884712
545    0.884550
546    0.884388
547    0.883964
548    0.883439
549    0.883014
550    0.882852
551    0.881231
552    0.876987
553    0.871740
554    0.867496
555    0.865874
556    0.864253
557    0.860009
558    0.854762
559    0.850518
560    0.848896
561    0.847397
562    0.843471
563    0.838618
564    0.834692
565    0.833192
566    0.831692
567    0.827766
568    0.822913
569    0.818987
570    0.817487
571    0.817285
572    0.816754
573    0.816098
574    0.815568
575    0.815365
576    0.815162
577    0.814632
578    0.813976
579    0.813445
580    0.813243
581    0.810365
582    0.802831
583    0.793519
584    0.785985
585    0.783107
586    0.780229
587    0.772695
588    0.763383
589    0.755849
590    0.752971
591    0.753498
592    0.754878
593    0.756583
594    0.757962
595    0.758489
596    0.759016
597    0.760395
598    0.762100
599    0.763480
600    0.764007
601    0.763845
602    0.763420
603    0.762896
604    0.762471
605    0.762309
606    0.762147
607    0.761722
608    0.761198
609    0.760773
610    0.760611
611    0.759841
612    0.757825
613    0.755333
614    0.753317
615    0.752547
616    0.751777
617    0.749760
618    0.747268
619    0.745252
620    0.744482
621    0.742699
622    0.738030
623    0.732259
624    0.727590
625    0.725806
626    0.724023
627    0.719354
628    0.713583
629    0.708914
630    0.707131
631    0.707293
632    0.707717
633    0.708242
634    0.708666
635    0.708829
636    0.708991
637    0.709415
638    0.709940
639    0.710364
640    0.710526
641    0.709027
642    0.705101
643    0.700248
644    0.696321
645    0.694822
646    0.693322
647    0.689396
648    0.684543
649    0.680617
650    0.679117
651    0.679198
652    0.679410
653    0.679673
654    0.679885
655    0.679966
656    0.680047
657    0.680259
658    0.680522
659    0.680734
660    0.680815
661    0.681666
662    0.683894
663    0.686649
664    0.688877
665    0.689728
666    0.690580
667    0.692808
668    0.695562
669    0.697791
670    0.698642
671    0.697021
672    0.692776
673    0.687530
674    0.683285
675    0.681664
676    0.680043
677    0.675798
678    0.670552
679    0.666307
680    0.664686
681    0.661200
682    0.652075
683    0.640795
684    0.631669
685    0.628183
686    0.624698
687    0.615572
688    0.604292
689    0.595166
690    0.591681
691    0.592451
692    0.594467
693    0.596959
694    0.598975
695    0.599745
696    0.600515
697    0.602532
698    0.605024
699    0.607040
700    0.607810
701    0.608904
702    0.611769
703    0.615311
704    0.618176
705    0.619270
706    0.620364
707    0.623229
708    0.626771
709    0.629636
710    0.630730
711    0.625583
712    0.612106
713    0.595449
714    0.581973
715    0.576825
716    0.571678
717    0.558201
718    0.541544
719    0.528068
720    0.522920
721    0.526284
722    0.535092
723    0.545978
724    0.554785
725    0.558149
726    0.561513
727    0.570321
728    0.581207
729    0.590015
730    0.593379
731    0.593379
732    0.593379
733    0.593379
734    0.593379
735    0.593379
736    0.593379
737    0.593379
738    0.593379
739    0.593379
740    0.593379
741    0.593379
742    0.593379
743    0.593379
744    0.593379
745    0.593379
746    0.593379
747    0.593379
748    0.593379
749    0.593379
750    0.593379
751    0.593379
752    0.593379
753    0.593379
754    0.593379
755    0.593379
756    0.593379
757    0.593379
758    0.593379
759    0.593379
760    0.593379
761    0.593379
762    0.593379
763    0.593379
764    0.593379
765    0.593379
766    0.593379
767    0.593379
768    0.593379
769    0.593379
770    0.593379
771    0.593379
772    0.593379
773    0.593379
774    0.593379
775    0.593379
776    0.593379
777    0.593379
778    0.593379
779    0.593379
780    0.593379
