383.000000 0.000028
384.000000 0.000029
398.000000 0.000304
410.000000 0.001863
414.000000 0.003549
428.000000 0.028659
432.000000 0.118156
470.000000 0.029355
474.000000 0.019709
486.000000 0.022283
488.000000 0.016939
500.000000 0.000685
521.000000 0.002519
522.000000 0.002915
529.000000 0.008256
548.000000 0.931459
571.000000 0.103779
572.000000 0.146812
580.000000 0.880616
593.000000 1.166102
621.000000 1.469780
637.000000 0.280009
648.000000 0.133334
666.000000 0.030349
667.000000 0.026209
713.000000 0.002339
715.000000 0.001440
724.000000 0.000089
734.000000 0.000031
734.000000 0.000031
743.000000 0.000017
762.000000 0.000002
772.000000 0.000000
397.000000 0.000177
400.000000 0.000484
403.000000 0.004620
419.000000 0.008315
428.000000 0.028659
429.000000 0.032726
430.000000 0.034351
448.000000 0.065768
507.000000 0.000328
515.000000 0.001307
518.000000 0.002097
534.000000 0.046047
538.000000 0.341230
540.000000 0.531158
559.000000 0.108342
576.000000 0.344330
583.000000 1.146719
616.000000 4.801368
618.000000 2.708621
620.000000 1.486451
633.000000 0.588661
645.000000 0.114946
687.000000 0.009323
698.000000 0.002368
698.000000 0.002368
705.000000 0.004725
708.000000 0.004693
725.000000 0.000077
726.000000 0.000074
741.000000 0.000021
751.000000 0.000006
757.000000 0.000003
778.000000 0.000000
384.000000 0.000029
389.000000 0.000045
410.000000 0.001863
415.000000 0.003746
427.000000 0.024004
432.000000 0.118156
444.000000 0.070178
455.000000 0.062087
487.000000 0.019943
543.000000 0.965284
551.000000 0.660417
561.000000 0.094063
566.000000 0.086093
567.000000 0.087739
569.000000 0.088372
579.000000 0.819417
584.000000 1.270285
589.000000 1.323434
593.000000 1.166102
595.000000 1.106759
602.000000 0.995196
610.000000 6.954420
622.000000 1.426266
625.000000 1.317138
637.000000 0.280009
668.000000 0.022297
669.000000 0.019565
673.000000 0.013931
682.000000 0.009468
715.000000 0.001440
727.000000 0.000066
736.000000 0.000029
774.000000 0.000000
384.000000 0.000029
388.000000 0.000042
389.000000 0.000045
390.000000 0.000045
435.000000 0.300473
438.000000 0.181237
442.000000 0.097301
447.000000 0.065732
460.000000 0.053740
484.000000 0.023089
487.000000 0.019943
498.000000 0.001511
538.000000 0.341230
554.000000 0.259465
592.000000 1.236114
592.000000 1.236114
605.000000 1.219456
611.000000 6.768922
614.000000 5.283904
638.000000 0.203200
666.000000 0.030349
686.000000 0.009022
693.000000 0.004624
698.000000 0.002368
702.000000 0.003332
728.000000 0.000056
731.000000 0.000045
734.000000 0.000031
744.000000 0.000015
749.000000 0.000008
752.000000 0.000005
752.000000 0.000005
755.000000 0.000003
387.000000 0.000037
392.000000 0.000055
394.000000 0.000069
396.000000 0.000097
400.000000 0.000484
410.000000 0.001863
411.000000 0.002027
418.000000 0.006887
432.000000 0.118156
435.000000 0.300473
448.000000 0.065768
458.000000 0.056612
473.000000 0.022212
482.000000 0.019806
498.000000 0.001511
511.000000 0.000565
517.000000 0.001778
523.000000 0.003395
523.000000 0.003395
536.000000 0.087883
559.000000 0.108342
585.000000 1.341860
622.000000 1.426266
636.000000 0.347324
641.000000 0.125115
689.000000 0.009352
701.000000 0.002508
706.000000 0.004746
712.000000 0.003291
720.000000 0.000233
730.000000 0.000046
759.000000 0.000003
763.000000 0.000001
385.000000 0.000030
394.000000 0.000069
394.000000 0.000069
400.000000 0.000484
405.000000 0.007781
411.000000 0.002027
413.000000 0.003052
423.000000 0.015267
443.000000 0.082302
453.000000 0.063275
457.000000 0.059223
460.000000 0.053740
464.000000 0.043382
468.000000 0.033613
475.000000 0.018798
497.000000 0.002487
500.000000 0.000685
511.000000 0.000565
512.000000 0.000783
532.000000 0.020918
537.000000 0.192937
570.000000 0.088251
574.000000 0.260212
607.000000 3.233312
624.000000 1.330857
629.000000 1.082728
641.000000 0.125115
644.000000 0.116198
717.000000 0.000949
739.000000 0.000023
748.000000 0.000009
760.000000 0.000003
768.000000 0.000000
397.000000 0.000177
405.000000 0.007781
412.000000 0.002471
415.000000 0.003746
428.000000 0.028659
431.000000 0.056664
434.000000 0.271854
460.000000 0.053740
472.000000 0.025480
481.000000 0.016539
510.000000 0.000476
528.000000 0.006929
576.000000 0.344330
576.000000 0.344330
599.000000 0.915873
608.000000 5.005477
620.000000 1.486451
649.000000 0.137359
672.000000 0.016058
672.000000 0.016058
684.000000 0.008993
684.000000 0.008993
691.000000 0.008505
692.000000 0.006644
702.000000 0.003332
720.000000 0.000233
720.000000 0.000233
727.000000 0.000066
735.000000 0.000029
736.000000 0.000029
768.000000 0.000000
776.000000 0.000000
779.000000 0.000000
396.000000 0.000097
432.000000 0.118156
450.000000 0.065777
473.000000 0.022212
496.000000 0.003430
499.000000 0.000884
499.000000 0.000884
504.000000 0.000212
506.000000 0.000227
518.000000 0.002097
519.000000 0.002301
533.000000 0.033935
563.000000 0.086856
565.000000 0.083679
574.000000 0.260212
583.000000 1.146719
593.000000 1.166102
614.000000 5.283904
635.000000 0.373991
656.000000 0.086675
661.000000 0.054360
669.000000 0.019565
669.000000 0.019565
685.000000 0.008858
711.000000 0.004163
716.000000 0.001296
728.000000 0.000056
733.000000 0.000035
757.000000 0.000003
761.000000 0.000003
763.000000 0.000001
764.000000 0.000001
779.000000 0.000000
394.000000 0.000069
404.000000 0.006825
430.000000 0.034351
451.000000 0.065407
462.000000 0.049660
475.000000 0.018798
483.000000 0.022305
525.000000 0.003963
530.000000 0.008793
531.000000 0.011892
563.000000 0.086856
569.000000 0.088372
573.000000 0.205622
577.000000 0.483346
596.000000 1.102598
614.000000 5.283904
623.000000 1.372932
637.000000 0.280009
639.000000 0.146355
648.000000 0.133334
653.000000 0.105660
655.000000 0.090167
665.000000 0.033589
670.000000 0.018593
676.000000 0.011530
687.000000 0.009323
693.000000 0.004624
710.000000 0.004520
713.000000 0.002339
714.000000 0.001671
739.000000 0.000023
759.000000 0.000003
766.000000 0.000001
384.000000 0.000029
411.000000 0.002027
418.000000 0.006887
421.000000 0.009722
437.000000 0.238892
442.000000 0.097301
489.000000 0.014429
493.000000 0.006487
497.000000 0.002487
497.000000 0.002487
524.000000 0.003787
525.000000 0.003963
540.000000 0.531158
544.000000 1.163597
554.000000 0.259465
556.000000 0.198775
558.000000 0.140650
572.000000 0.146812
584.000000 1.270285
587.000000 1.362939
595.000000 1.106759
599.000000 0.915873
606.000000 1.783155
626.000000 1.294003
633.000000 0.588661
646.000000 0.118385
703.000000 0.004128
706.000000 0.004746
721.000000 0.000215
724.000000 0.000089
751.000000 0.000006
752.000000 0.000005
773.000000 0.000000
409.000000 0.002957
410.000000 0.001863
421.000000 0.009722
427.000000 0.024004
428.000000 0.028659
452.000000 0.064445
454.000000 0.062365
471.000000 0.028261
523.000000 0.003395
526.000000 0.004370
565.000000 0.083679
587.000000 1.362939
587.000000 1.362939
602.000000 0.995196
603.000000 1.091500
617.000000 3.852438
623.000000 1.372932
629.000000 1.082728
646.000000 0.118385
665.000000 0.033589
678.000000 0.010320
679.000000 0.009716
681.000000 0.009495
684.000000 0.008993
720.000000 0.000233
720.000000 0.000233
725.000000 0.000077
732.000000 0.000040
746.000000 0.000013
746.000000 0.000013
750.000000 0.000007
757.000000 0.000003
780.000000 0.000000
381.000000 0.000171
387.000000 0.000322
410.000000 0.046518
411.000000 0.050930
417.000000 0.159958
419.000000 0.261029
458.000000 1.890678
480.000000 0.497206
486.000000 0.732284
518.000000 0.046906
542.000000 14.727437
570.000000 1.164842
594.000000 9.607826
612.000000 45.156021
656.000000 0.575639
708.000000 0.030458
735.000000 0.000191
738.000000 0.000161
758.000000 0.000022
764.000000 0.000006
412.000000 0.063254
414.000000 0.096708
415.000000 0.105899
440.000000 3.844640
445.000000 2.207591
446.000000 2.209208
450.000000 2.210798
454.000000 2.091006
459.000000 1.820165
479.000000 0.512667
480.000000 0.497206
527.000000 0.112943
549.000000 14.278973
558.000000 2.306127
558.000000 2.306127
558.000000 2.306127
569.000000 1.171734
571.000000 1.362027
574.000000 3.178224
581.000000 9.759201
600.000000 7.067841
604.000000 9.014528
619.000000 12.470062
639.000000 0.978359
641.000000 0.836181
677.000000 0.072224
680.000000 0.062057
683.000000 0.060704
708.000000 0.030458
718.000000 0.003737
725.000000 0.000500
725.000000 0.000500
726.000000 0.000479
733.000000 0.000228
390.000000 0.000407
398.000000 0.003047
408.000000 0.017942
425.000000 0.143593
428.000000 0.173626
429.000000 0.184144
435.000000 0.241798
437.000000 0.255745
445.000000 0.299039
447.000000 0.301482
448.000000 0.303346
455.000000 0.290938
459.000000 0.269228
492.000000 0.022112
502.000000 0.003434
505.000000 0.002032
533.000000 0.169772
553.000000 0.388051
559.000000 0.456528
572.000000 0.589896
597.000000 0.730864
605.000000 0.722385
610.000000 0.690295
612.000000 0.672494
622.000000 0.546486
623.000000 0.521078
638.000000 0.308591
639.000000 0.293704
641.000000 0.282082
663.000000 0.085093
690.000000 0.012146
706.000000 0.004424
726.000000 0.000989
754.000000 0.000060
424.000000 0.137690
482.000000 0.073861
487.000000 0.042495
492.000000 0.022112
509.000000 0.007265
509.000000 0.007265
518.000000 0.042243
520.000000 0.051680
522.000000 0.065031
543.000000 0.272658
552.000000 0.370982
557.000000 0.425705
578.000000 0.661012
582.000000 0.686045
583.000000 0.691906
585.000000 0.697914
594.000000 0.726187
600.000000 0.736381
628.000000 0.438491
631.000000 0.404402
632.000000 0.388625
641.000000 0.282082
642.000000 0.266666
668.000000 0.062500
671.000000 0.053790
672.000000 0.049718
706.000000 0.004424
707.000000 0.004120
708.000000 0.003741
719.000000 0.001440
740.000000 0.000341
740.000000 0.000341
742.000000 0.000294
758.000000 0.000044
390.000000 0.000407
392.000000 0.000621
399.000000 0.003751
409.000000 0.021295
414.000000 0.042623
431.000000 0.192882
433.000000 0.222183
442.000000 0.287938
447.000000 0.301482
468.000000 0.193102
476.000000 0.123902
485.000000 0.050825
488.000000 0.035183
510.000000 0.007814
514.000000 0.022569
538.000000 0.219004
542.000000 0.255367
551.000000 0.356961
573.000000 0.607712
576.000000 0.631906
578.000000 0.661012
596.000000 0.728892
615.000000 0.638961
657.000000 0.123782
668.000000 0.062500
669.000000 0.057338
687.000000 0.016353
696.000000 0.008354
699.000000 0.006491
710.000000 0.003311
715.000000 0.002140
719.000000 0.001440
749.000000 0.000118
767.000000 0.000008
387.000000 0.000003
399.000000 0.000024
403.000000 0.000038
413.000000 0.000153
445.000000 0.001347
449.000000 0.001396
485.000000 0.000382
486.000000 0.000369
497.000000 0.000089
509.000000 0.000091
510.000000 0.000099
520.000000 0.000885
524.000000 0.001571
524.000000 0.001571
526.000000 0.001770
541.000000 0.005488
556.000000 0.012585
587.000000 0.053534
592.000000 0.060136
607.000000 0.078721
625.000000 0.068188
658.000000 0.019878
661.000000 0.017580
662.000000 0.016470
663.000000 0.015082
671.000000 0.009707
677.000000 0.006763
718.000000 0.000448
732.000000 0.000175
739.000000 0.000087
740.000000 0.000080
743.000000 0.000056
749.000000 0.000021
779.000000 0.000000
