383.000000 0.000001
384.000000 0.000001
398.000000 0.000008
410.000000 0.000051
414.000000 0.000100
428.000000 0.001115
432.000000 0.005288
470.000000 0.013671
474.000000 0.014801
486.000000 0.069434
488.000000 0.080442
500.000000 0.045127
521.000000 0.026702
522.000000 0.027155
529.000000 0.044096
548.000000 2.260326
571.000000 0.127875
572.000000 0.174595
580.000000 0.836119
593.000000 0.798457
621.000000 0.653076
637.000000 0.111300
648.000000 0.050624
666.000000 0.011164
667.000000 0.009631
713.000000 0.000852
715.000000 0.000527
724.000000 0.000031
734.000000 0.000012
734.000000 0.000012
743.000000 0.000006
762.000000 0.000001
772.000000 0.000000
397.000000 0.000005
400.000000 0.000014
403.000000 0.000122
419.000000 0.000247
428.000000 0.001115
429.000000 0.001321
430.000000 0.001404
448.000000 0.006796
507.000000 0.030212
515.000000 0.027322
518.000000 0.027488
534.000000 0.190479
538.000000 1.197269
540.000000 1.744921
559.000000 0.183850
576.000000 0.369264
583.000000 1.000277
616.000000 2.247216
618.000000 1.231938
620.000000 0.662849
633.000000 0.238460
645.000000 0.044029
687.000000 0.003371
698.000000 0.000853
698.000000 0.000853
705.000000 0.001692
708.000000 0.001691
725.000000 0.000027
726.000000 0.000026
741.000000 0.000006
751.000000 0.000002
757.000000 0.000002
778.000000 0.000000
384.000000 0.000001
389.000000 0.000001
410.000000 0.000051
415.000000 0.000106
427.000000 0.000884
432.000000 0.005288
444.000000 0.005877
455.000000 0.009351
487.000000 0.074321
543.000000 2.792186
551.000000 1.491058
561.000000 0.155093
566.000000 0.122426
567.000000 0.120250
569.000000 0.111860
579.000000 0.787950
584.000000 1.072787
589.000000 0.987853
593.000000 0.798457
595.000000 0.727819
602.000000 0.573512
610.000000 3.489002
622.000000 0.627543
625.000000 0.562685
637.000000 0.111300
668.000000 0.008181
669.000000 0.007168
673.000000 0.005090
682.000000 0.003435
715.000000 0.000527
727.000000 0.000023
736.000000 0.000011
774.000000 0.000000
384.000000 0.000001
388.000000 0.000001
389.000000 0.000001
390.000000 0.000001
435.000000 0.015367
438.000000 0.011071
442.000000 0.007083
447.000000 0.006236
460.000000 0.011088
484.000000 0.062382
487.000000 0.074321
498.000000 0.054842
538.000000 1.197269
554.000000 0.513969
592.000000 0.876943
592.000000 0.876943
605.000000 0.661044
611.000000 3.376744
614.000000 2.501180
638.000000 0.080163
666.000000 0.011164
686.000000 0.003263
693.000000 0.001669
698.000000 0.000853
702.000000 0.001197
728.000000 0.000020
731.000000 0.000016
734.000000 0.000012
744.000000 0.000006
749.000000 0.000003
752.000000 0.000002
752.000000 0.000002
755.000000 0.000002
387.000000 0.000001
392.000000 0.000001
394.000000 0.000002
396.000000 0.000003
400.000000 0.000014
410.000000 0.000051
411.000000 0.000056
418.000000 0.000203
432.000000 0.005288
435.000000 0.015367
448.000000 0.006796
458.000000 0.010525
473.000000 0.014549
482.000000 0.035836
498.000000 0.054842
511.000000 0.025894
517.000000 0.027953
523.000000 0.027729
523.000000 0.027729
536.000000 0.348168
559.000000 0.183850
585.000000 1.119314
622.000000 0.627543
636.000000 0.138812
641.000000 0.048809
689.000000 0.003379
701.000000 0.000902
706.000000 0.001701
712.000000 0.001195
720.000000 0.000080
730.000000 0.000017
759.000000 0.000002
763.000000 0.000000
385.000000 0.000001
394.000000 0.000002
394.000000 0.000002
400.000000 0.000014
405.000000 0.000201
411.000000 0.000056
413.000000 0.000086
423.000000 0.000503
443.000000 0.006489
453.000000 0.008679
457.000000 0.009992
460.000000 0.011088
464.000000 0.012352
468.000000 0.013325
475.000000 0.014895
497.000000 0.061743
500.000000 0.045127
511.000000 0.025894
512.000000 0.026179
532.000000 0.098840
537.000000 0.722120
570.000000 0.110242
574.000000 0.286417
607.000000 1.708835
624.000000 0.571216
629.000000 0.448390
641.000000 0.048809
644.000000 0.044611
717.000000 0.000342
739.000000 0.000007
748.000000 0.000003
760.000000 0.000002
768.000000 0.000000
397.000000 0.000005
405.000000 0.000201
412.000000 0.000069
415.000000 0.000106
428.000000 0.001115
431.000000 0.002379
434.000000 0.013669
460.000000 0.011088
472.000000 0.014175
481.000000 0.025505
510.000000 0.025762
528.000000 0.039732
576.000000 0.369264
576.000000 0.369264
599.000000 0.549608
608.000000 2.582999
620.000000 0.662849
649.000000 0.051934
672.000000 0.005874
672.000000 0.005874
684.000000 0.003255
684.000000 0.003255
691.000000 0.003072
692.000000 0.002399
702.000000 0.001197
720.000000 0.000080
720.000000 0.000080
727.000000 0.000023
735.000000 0.000012
736.000000 0.000011
768.000000 0.000000
776.000000 0.000000
779.000000 0.000000
396.000000 0.000003
432.000000 0.005288
450.000000 0.007435
473.000000 0.014549
496.000000 0.065981
499.000000 0.048020
499.000000 0.048020
504.000000 0.032100
506.000000 0.030916
518.000000 0.027488
519.000000 0.026835
533.000000 0.148495
563.000000 0.131641
565.000000 0.120707
574.000000 0.286417
583.000000 1.000277
593.000000 0.798457
614.000000 2.501180
635.000000 0.149762
656.000000 0.032319
661.000000 0.020101
669.000000 0.007168
669.000000 0.007168
685.000000 0.003204
711.000000 0.001508
716.000000 0.000472
728.000000 0.000020
733.000000 0.000013
757.000000 0.000002
761.000000 0.000001
763.000000 0.000000
764.000000 0.000000
779.000000 0.000000
394.000000 0.000002
404.000000 0.000177
430.000000 0.001404
451.000000 0.007616
462.000000 0.011614
475.000000 0.014895
483.000000 0.049906
525.000000 0.028680
530.000000 0.045800
531.000000 0.060210
563.000000 0.131641
569.000000 0.111860
573.000000 0.234223
577.000000 0.501008
596.000000 0.718359
614.000000 2.501180
623.000000 0.596163
637.000000 0.111300
639.000000 0.057344
648.000000 0.050624
653.000000 0.039608
655.000000 0.033643
665.000000 0.012360
670.000000 0.006807
676.000000 0.004205
687.000000 0.003371
693.000000 0.001669
710.000000 0.001636
713.000000 0.000852
714.000000 0.000610
739.000000 0.000007
759.000000 0.000002
766.000000 0.000000
384.000000 0.000001
411.000000 0.000056
418.000000 0.000203
421.000000 0.000295
437.000000 0.013494
442.000000 0.007083
489.000000 0.085488
493.000000 0.075647
497.000000 0.061743
497.000000 0.061743
524.000000 0.028270
525.000000 0.028680
540.000000 1.744921
544.000000 3.222340
554.000000 0.513969
556.000000 0.382100
558.000000 0.247670
572.000000 0.174595
584.000000 1.072787
587.000000 1.090006
595.000000 0.727819
599.000000 0.549608
606.000000 0.959995
626.000000 0.551228
633.000000 0.238460
646.000000 0.045295
703.000000 0.001481
706.000000 0.001701
721.000000 0.000074
724.000000 0.000031
751.000000 0.000002
752.000000 0.000002
773.000000 0.000000
409.000000 0.000081
410.000000 0.000051
421.000000 0.000295
427.000000 0.000884
428.000000 0.001115
452.000000 0.008092
454.000000 0.009158
471.000000 0.013820
523.000000 0.027729
526.000000 0.030406
565.000000 0.120707
587.000000 1.090006
587.000000 1.090006
602.000000 0.573512
603.000000 0.611482
617.000000 1.780963
623.000000 0.596163
629.000000 0.448390
646.000000 0.045295
665.000000 0.012360
678.000000 0.003755
679.000000 0.003531
681.000000 0.003448
684.000000 0.003255
720.000000 0.000080
720.000000 0.000080
725.000000 0.000027
732.000000 0.000015
746.000000 0.000005
746.000000 0.000005
750.000000 0.000002
757.000000 0.000002
780.000000 0.000000
381.000000 0.000001
387.000000 0.000011
410.000000 0.001283
411.000000 0.001411
417.000000 0.004643
419.000000 0.007748
458.000000 0.351492
480.000000 0.722925
486.000000 2.281847
518.000000 0.614819
542.000000 45.122094
570.000000 1.455097
594.000000 6.389706
612.000000 22.183705
656.000000 0.214643
708.000000 0.010975
735.000000 0.000076
738.000000 0.000054
758.000000 0.000011
764.000000 0.000001
412.000000 0.001768
414.000000 0.002738
415.000000 0.003002
440.000000 0.253881
445.000000 0.188987
446.000000 0.194730
450.000000 0.249882
454.000000 0.307055
459.000000 0.365033
479.000000 0.699401
480.000000 0.722925
527.000000 0.715760
549.000000 33.275772
558.000000 4.060869
558.000000 4.060869
558.000000 4.060869
569.000000 1.483167
571.000000 1.678264
574.000000 3.498293
581.000000 9.152040
600.000000 4.198651
604.000000 4.931982
619.000000 5.592138
639.000000 0.383335
641.000000 0.326203
677.000000 0.026315
680.000000 0.022542
683.000000 0.021997
708.000000 0.010975
718.000000 0.001322
725.000000 0.000175
725.000000 0.000175
726.000000 0.000168
733.000000 0.000087
390.000000 0.000010
398.000000 0.000084
408.000000 0.000488
425.000000 0.004880
428.000000 0.006754
429.000000 0.007430
435.000000 0.012366
437.000000 0.014446
445.000000 0.025600
447.000000 0.028601
448.000000 0.031347
455.000000 0.043819
459.000000 0.053994
492.000000 0.191598
502.000000 0.299622
505.000000 0.344832
533.000000 0.742900
553.000000 0.798872
559.000000 0.774700
572.000000 0.701529
597.000000 0.464521
605.000000 0.391591
610.000000 0.346318
612.000000 0.330375
622.000000 0.240448
623.000000 0.226266
638.000000 0.121740
639.000000 0.115078
641.000000 0.110043
663.000000 0.031382
690.000000 0.004387
706.000000 0.001585
726.000000 0.000347
754.000000 0.000029
424.000000 0.004643
482.000000 0.133640
487.000000 0.158366
492.000000 0.191598
509.000000 0.415224
509.000000 0.415224
518.000000 0.553695
520.000000 0.579662
522.000000 0.605843
543.000000 0.788692
552.000000 0.802813
557.000000 0.786153
578.000000 0.657214
582.000000 0.622857
583.000000 0.603546
585.000000 0.582165
594.000000 0.482952
600.000000 0.437447
628.000000 0.183343
631.000000 0.166423
632.000000 0.158868
641.000000 0.110043
642.000000 0.103579
668.000000 0.022932
671.000000 0.019689
672.000000 0.018185
706.000000 0.001585
707.000000 0.001480
708.000000 0.001348
719.000000 0.000501
740.000000 0.000097
740.000000 0.000097
742.000000 0.000093
758.000000 0.000022
390.000000 0.000010
392.000000 0.000015
399.000000 0.000105
409.000000 0.000585
414.000000 0.001207
431.000000 0.008097
433.000000 0.010647
442.000000 0.020960
447.000000 0.028601
468.000000 0.076552
476.000000 0.103616
485.000000 0.148356
488.000000 0.167084
510.000000 0.422602
514.000000 0.496147
538.000000 0.768416
542.000000 0.782396
551.000000 0.805930
573.000000 0.692241
576.000000 0.677664
578.000000 0.657214
596.000000 0.474884
615.000000 0.300415
657.000000 0.046072
668.000000 0.022932
669.000000 0.021007
687.000000 0.005913
696.000000 0.003013
699.000000 0.002336
710.000000 0.001199
715.000000 0.000783
719.000000 0.000501
749.000000 0.000040
767.000000 0.000000
387.000000 0.000000
399.000000 0.000001
403.000000 0.000001
413.000000 0.000004
445.000000 0.000115
449.000000 0.000154
485.000000 0.001116
486.000000 0.001149
497.000000 0.002204
509.000000 0.005196
510.000000 0.005335
520.000000 0.009932
524.000000 0.011729
524.000000 0.011729
526.000000 0.012316
541.000000 0.017672
556.000000 0.024191
587.000000 0.042813
592.000000 0.042663
607.000000 0.041605
625.000000 0.029130
658.000000 0.007379
661.000000 0.006501
662.000000 0.006084
663.000000 0.005562
671.000000 0.003553
677.000000 0.002464
718.000000 0.000159
732.000000 0.000065
739.000000 0.000026
740.000000 0.000023
743.000000 0.000020
749.000000 0.000007
779.000000 0.000000
384.000000 0.000001
398.000000 0.000006
439.000000 0.000534
508.000000 0.014751
511.000000 0.016350
536.000000 0.037751
576.000000 0.059195
578.000000 0.060328
587.000000 0.059909
588.000000 0.058835
588.000000 0.058835
589.000000 0.057774
613.000000 0.044315
614.000000 0.043026
629.000000 0.025747
638.000000 0.018204
657.000000 0.006941
664.000000 0.004368
668.000000 0.003478
674.000000 0.002263
708.000000 0.000208
729.000000 0.000043
761.000000 0.000002
