383.000000 0.000133
384.000000 0.000138
398.000000 0.001441
410.000000 0.008882
414.000000 0.016977
428.000000 0.139520
432.000000 0.579361
470.000000 0.193439
474.000000 0.142655
486.000000 0.241533
488.000000 0.213833
500.000000 0.038002
521.000000 0.002834
522.000000 0.002609
529.000000 0.002250
548.000000 0.023573
571.000000 0.000279
572.000000 0.000371
580.000000 0.001634
593.000000 0.001153
621.000000 0.000331
637.000000 0.000000
648.000000 0.000000
666.000000 0.000000
667.000000 0.000000
713.000000 0.000000
715.000000 0.000000
724.000000 0.000000
734.000000 0.000000
734.000000 0.000000
743.000000 0.000000
762.000000 0.000000
772.000000 0.000000
397.000000 0.000836
400.000000 0.002300
403.000000 0.021944
419.000000 0.039932
428.000000 0.139520
429.000000 0.159619
430.000000 0.167652
448.000000 0.343174
507.000000 0.013283
515.000000 0.005018
518.000000 0.003657
534.000000 0.006487
538.000000 0.030021
540.000000 0.037130
559.000000 0.000752
576.000000 0.000726
583.000000 0.001802
616.000000 0.001032
618.000000 0.000613
620.000000 0.000348
633.000000 0.000000
645.000000 0.000000
687.000000 0.000000
698.000000 0.000000
698.000000 0.000000
705.000000 0.000000
708.000000 0.000000
725.000000 0.000000
726.000000 0.000000
741.000000 0.000000
751.000000 0.000000
757.000000 0.000000
778.000000 0.000000
384.000000 0.000138
389.000000 0.000214
410.000000 0.008882
415.000000 0.017925
427.000000 0.116545
432.000000 0.579361
444.000000 0.358677
455.000000 0.339775
487.000000 0.229480
543.000000 0.045378
551.000000 0.012602
561.000000 0.000591
566.000000 0.000331
567.000000 0.000309
569.000000 0.000253
579.000000 0.001541
584.000000 0.001866
589.000000 0.001462
593.000000 0.001153
595.000000 0.001047
602.000000 0.000689
610.000000 0.002081
622.000000 0.000288
625.000000 0.000175
637.000000 0.000000
668.000000 0.000000
669.000000 0.000000
673.000000 0.000000
682.000000 0.000000
715.000000 0.000000
727.000000 0.000000
736.000000 0.000000
774.000000 0.000000
384.000000 0.000138
388.000000 0.000201
389.000000 0.000214
390.000000 0.000217
435.000000 1.484531
438.000000 0.904554
442.000000 0.491593
447.000000 0.339938
460.000000 0.308468
484.000000 0.238043
487.000000 0.229480
498.000000 0.054721
538.000000 0.030021
554.000000 0.003078
592.000000 0.001270
592.000000 0.001270
605.000000 0.000700
611.000000 0.001973
614.000000 0.001172
638.000000 0.000000
666.000000 0.000000
686.000000 0.000000
693.000000 0.000000
698.000000 0.000000
702.000000 0.000000
728.000000 0.000000
731.000000 0.000000
734.000000 0.000000
744.000000 0.000000
749.000000 0.000000
752.000000 0.000000
752.000000 0.000000
755.000000 0.000000
387.000000 0.000178
392.000000 0.000262
394.000000 0.000323
396.000000 0.000458
400.000000 0.002300
410.000000 0.008882
411.000000 0.009668
418.000000 0.033050
432.000000 0.579361
435.000000 1.484531
448.000000 0.343174
458.000000 0.319408
473.000000 0.155925
482.000000 0.178620
498.000000 0.054721
511.000000 0.007760
517.000000 0.004350
523.000000 0.002340
523.000000 0.002340
536.000000 0.010951
559.000000 0.000752
585.000000 0.001920
622.000000 0.000288
636.000000 0.000000
641.000000 0.000000
689.000000 0.000000
701.000000 0.000000
706.000000 0.000000
712.000000 0.000000
720.000000 0.000000
730.000000 0.000000
759.000000 0.000000
763.000000 0.000000
385.000000 0.000141
394.000000 0.000323
394.000000 0.000323
400.000000 0.002300
405.000000 0.036960
411.000000 0.009668
413.000000 0.014591
423.000000 0.073726
443.000000 0.418479
453.000000 0.341715
457.000000 0.329249
460.000000 0.308468
464.000000 0.262374
468.000000 0.214648
475.000000 0.137830
497.000000 0.071496
500.000000 0.038002
511.000000 0.007760
512.000000 0.006899
532.000000 0.004257
537.000000 0.020626
570.000000 0.000243
574.000000 0.000570
607.000000 0.001557
624.000000 0.000192
629.000000 0.000016
641.000000 0.000000
644.000000 0.000000
717.000000 0.000000
739.000000 0.000000
748.000000 0.000000
760.000000 0.000000
768.000000 0.000000
397.000000 0.000836
405.000000 0.036960
412.000000 0.011800
415.000000 0.017925
428.000000 0.139520
431.000000 0.276926
434.000000 1.341770
460.000000 0.308468
472.000000 0.173151
481.000000 0.142757
510.000000 0.008103
528.000000 0.002248
576.000000 0.000726
576.000000 0.000726
599.000000 0.000707
608.000000 0.001986
620.000000 0.000348
649.000000 0.000000
672.000000 0.000000
672.000000 0.000000
684.000000 0.000000
684.000000 0.000000
691.000000 0.000000
692.000000 0.000000
702.000000 0.000000
720.000000 0.000000
720.000000 0.000000
727.000000 0.000000
735.000000 0.000000
736.000000 0.000000
768.000000 0.000000
776.000000 0.000000
779.000000 0.000000
396.000000 0.000458
432.000000 0.579361
450.000000 0.346711
473.000000 0.155925
496.000000 0.086114
499.000000 0.042399
499.000000 0.042399
504.000000 0.017528
506.000000 0.015377
518.000000 0.003657
519.000000 0.003119
533.000000 0.005645
563.000000 0.000417
565.000000 0.000333
574.000000 0.000570
583.000000 0.001802
593.000000 0.001153
614.000000 0.001172
635.000000 0.000000
656.000000 0.000000
661.000000 0.000000
669.000000 0.000000
669.000000 0.000000
685.000000 0.000000
711.000000 0.000000
716.000000 0.000000
728.000000 0.000000
733.000000 0.000000
757.000000 0.000000
761.000000 0.000000
763.000000 0.000000
764.000000 0.000000
779.000000 0.000000
394.000000 0.000323
404.000000 0.032420
430.000000 0.167652
451.000000 0.345959
462.000000 0.290422
475.000000 0.137830
483.000000 0.214976
525.000000 0.002072
530.000000 0.002242
531.000000 0.002848
563.000000 0.000417
569.000000 0.000253
573.000000 0.000480
577.000000 0.000983
596.000000 0.001023
614.000000 0.001172
623.000000 0.000235
637.000000 0.000000
639.000000 0.000000
648.000000 0.000000
653.000000 0.000000
655.000000 0.000000
665.000000 0.000000
670.000000 0.000000
676.000000 0.000000
687.000000 0.000000
693.000000 0.000000
710.000000 0.000000
713.000000 0.000000
714.000000 0.000000
739.000000 0.000000
759.000000 0.000000
766.000000 0.000000
384.000000 0.000138
411.000000 0.009668
418.000000 0.033050
421.000000 0.046749
437.000000 1.186747
442.000000 0.491593
489.000000 0.200688
493.000000 0.122971
497.000000 0.071496
497.000000 0.071496
524.000000 0.002135
525.000000 0.002072
540.000000 0.037130
544.000000 0.046332
554.000000 0.003078
556.000000 0.002113
558.000000 0.001124
572.000000 0.000371
584.000000 0.001866
587.000000 0.001776
595.000000 0.001047
599.000000 0.000707
606.000000 0.000978
626.000000 0.000158
633.000000 0.000000
646.000000 0.000000
703.000000 0.000000
706.000000 0.000000
721.000000 0.000000
724.000000 0.000000
751.000000 0.000000
752.000000 0.000000
773.000000 0.000000
409.000000 0.014094
410.000000 0.008882
421.000000 0.046749
427.000000 0.116545
428.000000 0.139520
452.000000 0.344021
454.000000 0.340038
471.000000 0.187724
523.000000 0.002340
526.000000 0.002124
565.000000 0.000333
587.000000 0.001776
587.000000 0.001776
602.000000 0.000689
603.000000 0.000695
617.000000 0.000847
623.000000 0.000235
629.000000 0.000016
646.000000 0.000000
665.000000 0.000000
678.000000 0.000000
679.000000 0.000000
681.000000 0.000000
684.000000 0.000000
720.000000 0.000000
720.000000 0.000000
725.000000 0.000000
732.000000 0.000000
746.000000 0.000000
746.000000 0.000000
750.000000 0.000000
757.000000 0.000000
780.000000 0.000000
381.000000 0.000797
387.000000 0.001541
410.000000 0.221790
411.000000 0.242963
417.000000 0.766800
419.000000 1.253590
458.000000 10.667200
480.000000 4.228331
486.000000 7.937615
518.000000 0.081791
542.000000 0.839397
570.000000 0.003210
594.000000 0.009204
612.000000 0.012226
656.000000 0.000000
708.000000 0.000000
735.000000 0.000000
738.000000 0.000000
758.000000 0.000000
764.000000 0.000000
412.000000 0.302102
414.000000 0.462636
415.000000 0.506706
440.000000 19.285014
445.000000 11.304948
446.000000 11.343896
450.000000 11.653047
454.000000 11.400887
459.000000 10.397308
479.000000 4.278314
480.000000 4.228331
527.000000 0.045631
549.000000 0.306396
558.000000 0.018423
558.000000 0.018423
558.000000 0.018423
569.000000 0.003352
571.000000 0.003665
574.000000 0.006962
581.000000 0.017686
600.000000 0.005323
604.000000 0.005329
619.000000 0.002892
639.000000 0.000000
641.000000 0.000000
677.000000 0.000000
680.000000 0.000000
683.000000 0.000000
708.000000 0.000000
718.000000 0.000000
725.000000 0.000000
725.000000 0.000000
726.000000 0.000000
733.000000 0.000000
390.000000 0.001947
398.000000 0.014437
408.000000 0.085472
425.000000 0.694633
428.000000 0.845264
429.000000 0.898144
435.000000 1.194635
437.000000 1.270466
445.000000 1.531364
447.000000 1.559146
448.000000 1.582846
455.000000 1.592171
459.000000 1.537910
492.000000 0.362443
502.000000 0.213894
505.000000 0.179739
533.000000 0.028240
553.000000 0.005391
559.000000 0.003169
572.000000 0.001491
597.000000 0.000643
605.000000 0.000415
610.000000 0.000207
612.000000 0.000182
622.000000 0.000110
623.000000 0.000089
638.000000 0.000000
639.000000 0.000000
641.000000 0.000000
663.000000 0.000000
690.000000 0.000000
706.000000 0.000000
726.000000 0.000000
754.000000 0.000000
424.000000 0.665791
482.000000 0.666111
487.000000 0.488985
492.000000 0.362443
509.000000 0.137353
509.000000 0.137353
518.000000 0.073659
520.000000 0.063844
522.000000 0.058210
543.000000 0.012818
552.000000 0.006173
557.000000 0.003999
578.000000 0.001287
582.000000 0.001168
583.000000 0.001087
585.000000 0.000998
594.000000 0.000696
600.000000 0.000555
628.000000 0.000022
631.000000 0.000000
632.000000 0.000000
641.000000 0.000000
642.000000 0.000000
668.000000 0.000000
671.000000 0.000000
672.000000 0.000000
706.000000 0.000000
707.000000 0.000000
708.000000 0.000000
719.000000 0.000000
740.000000 0.000000
740.000000 0.000000
742.000000 0.000000
758.000000 0.000000
390.000000 0.001947
392.000000 0.002946
399.000000 0.017803
409.000000 0.101510
414.000000 0.203903
431.000000 0.942639
433.000000 1.093548
442.000000 1.454747
447.000000 1.559146
468.000000 1.233129
476.000000 0.918100
485.000000 0.539971
488.000000 0.444147
510.000000 0.132914
514.000000 0.096334
538.000000 0.019268
542.000000 0.014555
551.000000 0.006812
573.000000 0.001420
576.000000 0.001332
578.000000 0.001287
596.000000 0.000676
615.000000 0.000136
657.000000 0.000000
668.000000 0.000000
669.000000 0.000000
687.000000 0.000000
696.000000 0.000000
699.000000 0.000000
710.000000 0.000000
715.000000 0.000000
719.000000 0.000000
749.000000 0.000000
767.000000 0.000000
387.000000 0.000016
399.000000 0.000114
403.000000 0.000182
413.000000 0.000732
445.000000 0.006896
449.000000 0.007335
485.000000 0.004060
486.000000 0.003995
497.000000 0.002552
509.000000 0.001719
510.000000 0.001678
520.000000 0.001094
524.000000 0.000886
524.000000 0.000886
526.000000 0.000860
541.000000 0.000363
556.000000 0.000134
587.000000 0.000070
592.000000 0.000062
607.000000 0.000038
625.000000 0.000009
658.000000 0.000000
661.000000 0.000000
662.000000 0.000000
663.000000 0.000000
671.000000 0.000000
677.000000 0.000000
718.000000 0.000000
732.000000 0.000000
739.000000 0.000000
740.000000 0.000000
743.000000 0.000000
749.000000 0.000000
779.000000 0.000000
384.000000 0.000091
398.000000 0.000972
439.000000 0.041372
508.000000 0.005552
511.000000 0.004900
536.000000 0.001187
576.000000 0.000116
578.000000 0.000118
587.000000 0.000098
588.000000 0.000091
588.000000 0.000091
589.000000 0.000085
613.000000 0.000022
614.000000 0.000020
629.000000 0.000001
638.000000 0.000000
657.000000 0.000000
664.000000 0.000000
668.000000 0.000000
674.000000 0.000000
708.000000 0.000000
729.000000 0.000000
761.000000 0.000000
