380.000000 0.017381
392.000000 0.010218
404.000000 0.305384
416.000000 0.050002
428.000000 0.110215
440.000000 0.327510
452.000000 0.195197
464.000000 0.170199
476.000000 0.134730
488.000000 0.413309
500.000000 0.139712
512.000000 0.048538
524.000000 0.036002
536.000000 0.379006
548.000000 2.283339
560.000000 0.159951
572.000000 0.185867
584.000000 1.306003
596.000000 1.042917
608.000000 4.919600
620.000000 1.739760
632.000000 1.316954
644.000000 0.314799
656.000000 0.405853
668.000000 0.225045
680.000000 0.202455
692.000000 0.327024
704.000000 0.545475
716.000000 0.325292
728.000000 0.034943
740.000000 0.031129
752.000000 0.020432
764.000000 0.008823
380.000000 0.017381
392.000000 0.010218
404.000000 0.305384
416.000000 0.050002
428.000000 0.110215
440.000000 0.327510
452.000000 0.195197
464.000000 0.170199
476.000000 0.134730
488.000000 0.413309
500.000000 0.139712
512.000000 0.048538
524.000000 0.036002
536.000000 0.379006
548.000000 2.283339
560.000000 0.159951
572.000000 0.185867
584.000000 1.306003
596.000000 1.042917
608.000000 4.919600
620.000000 1.739760
632.000000 1.316954
644.000000 0.314799
656.000000 0.405853
668.000000 0.225045
680.000000 0.202455
692.000000 0.327024
704.000000 0.545475
716.000000 0.325292
728.000000 0.034943
740.000000 0.031129
752.000000 0.020432
764.000000 0.008823
380.000000 0.017381
392.000000 0.010218
404.000000 0.305384
416.000000 0.050002
428.000000 0.110215
440.000000 0.327510
452.000000 0.195197
464.000000 0.170199
476.000000 0.134730
488.000000 0.413309
500.000000 0.139712
512.000000 0.048538
524.000000 0.036002
536.000000 0.379006
548.000000 2.283339
560.000000 0.159951
572.000000 0.185867
584.000000 1.306003
596.000000 1.042917
608.000000 4.919600
620.000000 1.739760
632.000000 1.316954
644.000000 0.314799
656.000000 0.405853
668.000000 0.225045
680.000000 0.202455
692.000000 0.327024
704.000000 0.545475
716.000000 0.325292
728.000000 0.034943
740.000000 0.031129
752.000000 0.020432
764.000000 0.008823
380.000000 0.049113
392.000000 0.114799
404.000000 0.363765
416.000000 0.618051
428.000000 0.667725
440.000000 0.810348
452.000000 0.909406
464.000000 0.907787
476.000000 0.900061
488.000000 0.858472
500.000000 0.853097
512.000000 0.836089
524.000000 0.825803
536.000000 0.823745
548.000000 0.811560
560.000000 0.776655
572.000000 0.746820
584.000000 0.715942
596.000000 0.689439
608.000000 0.689196
620.000000 0.673310
632.000000 0.639524
644.000000 0.630652
656.000000 0.618094
668.000000 0.630816
680.000000 0.601208
692.000000 0.537599
704.000000 0.559349
716.000000 0.517238
728.000000 0.527232
740.000000 0.487016
752.000000 0.319662
764.000000 0.124963
776.000000 0.008458
380.000000 0.049113
392.000000 0.114799
404.000000 0.363765
416.000000 0.618051
428.000000 0.667725
440.000000 0.810348
452.000000 0.909406
464.000000 0.907787
476.000000 0.900061
488.000000 0.858472
500.000000 0.853097
512.000000 0.836089
524.000000 0.825803
536.000000 0.823745
548.000000 0.811560
560.000000 0.776655
572.000000 0.746820
584.000000 0.715942
596.000000 0.689439
608.000000 0.689196
620.000000 0.673310
632.000000 0.639524
644.000000 0.630652
656.000000 0.618094
668.000000 0.630816
680.000000 0.601208
692.000000 0.537599
704.000000 0.559349
716.000000 0.517238
728.000000 0.527232
740.000000 0.487016
752.000000 0.319662
764.000000 0.124963
776.000000 0.008458
380.000000 0.049113
392.000000 0.114799
404.000000 0.363765
416.000000 0.618051
428.000000 0.667725
440.000000 0.810348
452.000000 0.909406
464.000000 0.907787
476.000000 0.900061
488.000000 0.858472
500.000000 0.853097
512.000000 0.836089
524.000000 0.825803
536.000000 0.823745
548.000000 0.811560
560.000000 0.776655
572.000000 0.746820
584.000000 0.715942
596.000000 0.689439
608.000000 0.689196
620.000000 0.673310
632.000000 0.639524
644.000000 0.630652
656.000000 0.618094
668.000000 0.630816
680.000000 0.601208
692.000000 0.537599
704.000000 0.559349
716.000000 0.517238
728.000000 0.527232
740.000000 0.487016
752.000000 0.319662
764.000000 0.124963
776.000000 0.008458
380.000000 0.049113
392.000000 0.114799
404.000000 0.363765
416.000000 0.618051
428.000000 0.667725
440.000000 0.810348
452.000000 0.909406
464.000000 0.907787
476.000000 0.900061
488.000000 0.858472
500.000000 0.853097
512.000000 0.836089
524.000000 0.825803
536.000000 0.823745
548.000000 0.811560
560.000000 0.776655
572.000000 0.746820
584.000000 0.715942
596.000000 0.689439
608.000000 0.689196
620.000000 0.673310
632.000000 0.639524
644.000000 0.630652
656.000000 0.618094
668.000000 0.630816
680.000000 0.601208
692.000000 0.537599
704.000000 0.559349
716.000000 0.517238
728.000000 0.527232
740.000000 0.487016
752.000000 0.319662
764.000000 0.124963
776.000000 0.008458
380.000000 0.049113
392.000000 0.114799
404.000000 0.363765
416.000000 0.618051
428.000000 0.667725
440.000000 0.810348
452.000000 0.909406
464.000000 0.907787
476.000000 0.900061
488.000000 0.858472
500.000000 0.853097
512.000000 0.836089
524.000000 0.825803
536.000000 0.823745
548.000000 0.811560
560.000000 0.776655
572.000000 0.746820
584.000000 0.715942
596.000000 0.689439
608.000000 0.689196
620.000000 0.673310
632.000000 0.639524
644.000000 0.630652
656.000000 0.618094
668.000000 0.630816
680.000000 0.601208
692.000000 0.537599
704.000000 0.559349
716.000000 0.517238
728.000000 0.527232
740.000000 0.487016
752.000000 0.319662
764.000000 0.124963
776.000000 0.008458
380.000000 0.049113
392.000000 0.114799
404.000000 0.363765
416.000000 0.618051
428.000000 0.667725
440.000000 0.810348
452.000000 0.909406
464.000000 0.907787
476.000000 0.900061
488.000000 0.858472
500.000000 0.853097
512.000000 0.836089
524.000000 0.825803
536.000000 0.823745
548.000000 0.811560
560.000000 0.776655
572.000000 0.746820
584.000000 0.715942
596.000000 0.689439
608.000000 0.689196
620.000000 0.673310
632.000000 0.639524
644.000000 0.630652
656.000000 0.618094
668.000000 0.630816
680.000000 0.601208
692.000000 0.537599
704.000000 0.559349
716.000000 0.517238
728.000000 0.527232
740.000000 0.487016
752.000000 0.319662
764.000000 0.124963
776.000000 0.008458
380.000000 0.049113
392.000000 0.114799
404.000000 0.363765
416.000000 0.618051
428.000000 0.667725
440.000000 0.810348
452.000000 0.909406
464.000000 0.907787
476.000000 0.900061
488.000000 0.858472
500.000000 0.853097
512.000000 0.836089
524.000000 0.825803
536.000000 0.823745
548.000000 0.811560
560.000000 0.776655
572.000000 0.746820
584.000000 0.715942
596.000000 0.689439
608.000000 0.689196
620.000000 0.673310
632.000000 0.639524
644.000000 0.630652
656.000000 0.618094
668.000000 0.630816
680.000000 0.601208
692.000000 0.537599
704.000000 0.559349
716.000000 0.517238
728.000000 0.527232
740.000000 0.487016
752.000000 0.319662
764.000000 0.124963
776.000000 0.008458
380.000000 0.049113
392.000000 0.114799
404.000000 0.363765
416.000000 0.618051
428.000000 0.667725
440.000000 0.810348
452.000000 0.909406
464.000000 0.907787
476.000000 0.900061
488.000000 0.858472
500.000000 0.853097
512.000000 0.836089
524.000000 0.825803
536.000000 0.823745
548.000000 0.811560
560.000000 0.776655
572.000000 0.746820
584.000000 0.715942
596.000000 0.689439
608.000000 0.689196
620.000000 0.673310
632.000000 0.639524
644.000000 0.630652
656.000000 0.618094
668.000000 0.630816
680.000000 0.601208
692.000000 0.537599
704.000000 0.559349
716.000000 0.517238
728.000000 0.527232
740.000000 0.487016
752.000000 0.319662
764.000000 0.124963
776.000000 0.008458
380.000000 0.000866
392.000000 0.001355
404.000000 0.001952
416.000000 0.002418
428.000000 0.002990
440.000000 0.003586
452.000000 0.004270
464.000000 0.005098
476.000000 0.005853
488.000000 0.006871
500.000000 0.008198
512.000000 0.010991
524.000000 0.014937
536.000000 0.017525
548.000000 0.020831
560.000000 0.026143
572.000000 0.035531
584.000000 0.049312
596.000000 0.063784
608.000000 0.077783
620.000000 0.087719
632.000000 0.094640
644.000000 0.101187
656.000000 0.106915
668.000000 0.113043
680.000000 0.118489
692.000000 0.123836
704.000000 0.129538
716.000000 0.134123
728.000000 0.139234
740.000000 0.114457
752.000000 0.049310
764.000000 0.007536
776.000000 0.000035
380.000000 0.007266
398.000000 0.017076
416.000000 0.021105
434.000000 0.021706
452.000000 0.027076
470.000000 0.026823
488.000000 0.026210
506.000000 0.030344
524.000000 0.038527
542.000000 0.041188
560.000000 0.047963
578.000000 0.068115
596.000000 0.083213
614.000000 0.096233
632.000000 0.095185
650.000000 0.092496
668.000000 0.095683
686.000000 0.086475
704.000000 0.086074
722.000000 0.074714
740.000000 0.075087
758.000000 0.033729
776.000000 0.001304
