380.000000 0.019100
392.000000 0.023386
404.000000 0.026342
416.000000 0.026865
428.000000 0.026900
440.000000 0.027000
452.000000 0.027229
464.000000 0.027500
476.000000 0.027631
488.000000 0.028062
500.000000 0.029600
512.000000 0.035368
524.000000 0.042771
536.000000 0.045716
548.000000 0.049094
560.000000 0.056500
572.000000 0.070818
584.000000 0.090521
596.000000 0.109632
608.000000 0.124440
620.000000 0.132000
632.000000 0.134495
644.000000 0.135676
656.000000 0.136855
668.000000 0.137562
680.000000 0.138100
692.000000 0.138648
704.000000 0.139238
716.000000 0.139565
728.000000 0.139871
740.000000 0.126541
752.000000 0.083057
764.000000 0.032469
380.000000 0.019100
392.000000 0.023386
404.000000 0.026342
416.000000 0.026865
428.000000 0.026900
440.000000 0.027000
452.000000 0.027229
464.000000 0.027500
476.000000 0.027631
488.000000 0.028062
500.000000 0.029600
512.000000 0.035368
524.000000 0.042771
536.000000 0.045716
548.000000 0.049094
560.000000 0.056500
572.000000 0.070818
584.000000 0.090521
596.000000 0.109632
608.000000 0.124440
620.000000 0.132000
632.000000 0.134495
644.000000 0.135676
656.000000 0.136855
668.000000 0.137562
680.000000 0.138100
692.000000 0.138648
704.000000 0.139238
716.000000 0.139565
728.000000 0.139871
740.000000 0.126541
752.000000 0.083057
764.000000 0.032469
380.000000 0.019100
392.000000 0.023386
404.000000 0.026342
416.000000 0.026865
428.000000 0.026900
440.000000 0.027000
452.000000 0.027229
464.000000 0.027500
476.000000 0.027631
488.000000 0.028062
500.000000 0.029600
512.000000 0.035368
524.000000 0.042771
536.000000 0.045716
548.000000 0.049094
560.000000 0.056500
572.000000 0.070818
584.000000 0.090521
596.000000 0.109632
608.000000 0.124440
620.000000 0.132000
632.000000 0.134495
644.000000 0.135676
656.000000 0.136855
668.000000 0.137562
680.000000 0.138100
692.000000 0.138648
704.000000 0.139238
716.000000 0.139565
728.000000 0.139871
740.000000 0.126541
752.000000 0.083057
764.000000 0.032469
380.000000 0.129100
392.000000 0.227392
404.000000 0.494054
416.000000 0.786750
428.000000 0.895292
440.000000 0.910000
452.000000 0.914544
464.000000 0.918007
476.000000 0.918400
488.000000 0.919124
500.000000 0.918600
512.000000 0.918062
524.000000 0.916767
536.000000 0.916374
548.000000 0.918638
560.000000 0.914900
572.000000 0.914375
584.000000 0.910885
596.000000 0.908333
608.000000 0.905410
620.000000 0.904400
632.000000 0.903643
644.000000 0.905691
656.000000 0.908898
668.000000 0.906915
680.000000 0.904500
692.000000 0.904338
704.000000 0.904838
716.000000 0.904773
728.000000 0.907133
740.000000 0.820751
752.000000 0.538715
764.000000 0.210595
776.000000 0.014254
380.000000 0.129100
392.000000 0.227392
404.000000 0.494054
416.000000 0.786750
428.000000 0.895292
440.000000 0.910000
452.000000 0.914544
464.000000 0.918007
476.000000 0.918400
488.000000 0.919124
500.000000 0.918600
512.000000 0.918062
524.000000 0.916767
536.000000 0.916374
548.000000 0.918638
560.000000 0.914900
572.000000 0.914375
584.000000 0.910885
596.000000 0.908333
608.000000 0.905410
620.000000 0.904400
632.000000 0.903643
644.000000 0.905691
656.000000 0.908898
668.000000 0.906915
680.000000 0.904500
692.000000 0.904338
704.000000 0.904838
716.000000 0.904773
728.000000 0.907133
740.000000 0.820751
752.000000 0.538715
764.000000 0.210595
776.000000 0.014254
380.000000 0.129100
392.000000 0.227392
404.000000 0.494054
416.000000 0.786750
428.000000 0.895292
440.000000 0.910000
452.000000 0.914544
464.000000 0.918007
476.000000 0.918400
488.000000 0.919124
500.000000 0.918600
512.000000 0.918062
524.000000 0.916767
536.000000 0.916374
548.000000 0.918638
560.000000 0.914900
572.000000 0.914375
584.000000 0.910885
596.000000 0.908333
608.000000 0.905410
620.000000 0.904400
632.000000 0.903643
644.000000 0.905691
656.000000 0.908898
668.000000 0.906915
680.000000 0.904500
692.000000 0.904338
704.000000 0.904838
716.000000 0.904773
728.000000 0.907133
740.000000 0.820751
752.000000 0.538715
764.000000 0.210595
776.000000 0.014254
380.000000 0.129100
392.000000 0.227392
404.000000 0.494054
416.000000 0.786750
428.000000 0.895292
440.000000 0.910000
452.000000 0.914544
464.000000 0.918007
476.000000 0.918400
488.000000 0.919124
500.000000 0.918600
512.000000 0.918062
524.000000 0.916767
536.000000 0.916374
548.000000 0.918638
560.000000 0.914900
572.000000 0.914375
584.000000 0.910885
596.000000 0.908333
608.000000 0.905410
620.000000 0.904400
632.000000 0.903643
644.000000 0.905691
656.000000 0.908898
668.000000 0.906915
680.000000 0.904500
692.000000 0.904338
704.000000 0.904838
716.000000 0.904773
728.000000 0.907133
740.000000 0.820751
752.000000 0.538715
764.000000 0.210595
776.000000 0.014254
380.000000 0.129100
392.000000 0.227392
404.000000 0.494054
416.000000 0.786750
428.000000 0.895292
440.000000 0.910000
452.000000 0.914544
464.000000 0.918007
476.000000 0.918400
488.000000 0.919124
500.000000 0.918600
512.000000 0.918062
524.000000 0.916767
536.000000 0.916374
548.000000 0.918638
560.000000 0.914900
572.000000 0.914375
584.000000 0.910885
596.000000 0.908333
608.000000 0.905410
620.000000 0.904400
632.000000 0.903643
644.000000 0.905691
656.000000 0.908898
668.000000 0.906915
680.000000 0.904500
692.000000 0.904338
704.000000 0.904838
716.000000 0.904773
728.000000 0.907133
740.000000 0.820751
752.000000 0.538715
764.000000 0.210595
776.000000 0.014254
380.000000 0.129100
392.000000 0.227392
404.000000 0.494054
416.000000 0.786750
428.000000 0.895292
440.000000 0.910000
452.000000 0.914544
464.000000 0.918007
476.000000 0.918400
488.000000 0.919124
500.000000 0.918600
512.000000 0.918062
524.000000 0.916767
536.000000 0.916374
548.000000 0.918638
560.000000 0.914900
572.000000 0.914375
584.000000 0.910885
596.000000 0.908333
608.000000 0.905410
620.000000 0.904400
632.000000 0.903643
644.000000 0.905691
656.000000 0.908898
668.000000 0.906915
680.000000 0.904500
692.000000 0.904338
704.000000 0.904838
716.000000 0.904773
728.000000 0.907133
740.000000 0.820751
752.000000 0.538715
764.000000 0.210595
776.000000 0.014254
380.000000 0.129100
392.000000 0.227392
404.000000 0.494054
416.000000 0.786750
428.000000 0.895292
440.000000 0.910000
452.000000 0.914544
464.000000 0.918007
476.000000 0.918400
488.000000 0.919124
500.000000 0.918600
512.000000 0.918062
524.000000 0.916767
536.000000 0.916374
548.000000 0.918638
560.000000 0.914900
572.000000 0.914375
584.000000 0.910885
596.000000 0.908333
608.000000 0.905410
620.000000 0.904400
632.000000 0.903643
644.000000 0.905691
656.000000 0.908898
668.000000 0.906915
680.000000 0.904500
692.000000 0.904338
704.000000 0.904838
716.000000 0.904773
728.000000 0.907133
740.000000 0.820751
752.000000 0.538715
764.000000 0.210595
776.000000 0.014254
380.000000 0.129100
392.000000 0.227392
404.000000 0.494054
416.000000 0.786750
428.000000 0.895292
440.000000 0.910000
452.000000 0.914544
464.000000 0.918007
476.000000 0.918400
488.000000 0.919124
500.000000 0.918600
512.000000 0.918062
524.000000 0.916767
536.000000 0.916374
548.000000 0.918638
560.000000 0.914900
572.000000 0.914375
584.000000 0.910885
596.000000 0.908333
608.000000 0.905410
620.000000 0.904400
632.000000 0.903643
644.000000 0.905691
656.000000 0.908898
668.000000 0.906915
680.000000 0.904500
692.000000 0.904338
704.000000 0.904838
716.000000 0.904773
728.000000 0.907133
740.000000 0.820751
752.000000 0.538715
764.000000 0.210595
776.000000 0.014254
380.000000 0.019100
392.000000 0.023386
404.000000 0.026342
416.000000 0.026865
428.000000 0.026900
440.000000 0.027000
452.000000 0.027229
464.000000 0.027500
476.000000 0.027631
488.000000 0.028062
500.000000 0.029600
512.000000 0.035368
524.000000 0.042771
536.000000 0.045716
548.000000 0.049094
560.000000 0.056500
572.000000 0.070818
584.000000 0.090521
596.000000 0.109632
608.000000 0.124440
620.000000 0.132000
632.000000 0.134495
644.000000 0.135676
656.000000 0.136855
668.000000 0.137562
680.000000 0.138100
692.000000 0.138648
704.000000 0.139238
716.000000 0.139565
728.000000 0.139871
740.000000 0.126541
752.000000 0.083057
764.000000 0.032469
776.000000 0.002198
