380.000000 0.910000
392.000000 0.436906
404.000000 11.593116
416.000000 1.861215
428.000000 4.097230
440.000000 12.130000
452.000000 7.168816
464.000000 6.189054
476.000000 4.876078
488.000000 14.728521
500.000000 4.720000
512.000000 1.372353
524.000000 0.841729
536.000000 8.290388
548.000000 46.509122
560.000000 2.831000
572.000000 2.624557
584.000000 14.427690
596.000000 9.512865
608.000000 39.533900
620.000000 13.180000
632.000000 9.791809
644.000000 2.320217
656.000000 2.965580
668.000000 1.635953
680.000000 1.466000
692.000000 2.358664
704.000000 3.917568
716.000000 2.330746
728.000000 0.249820
740.000000 0.246000
752.000000 0.246000
764.000000 0.271729
380.000000 0.910000
392.000000 0.436906
404.000000 11.593116
416.000000 1.861215
428.000000 4.097230
440.000000 12.130000
452.000000 7.168816
464.000000 6.189054
476.000000 4.876078
488.000000 14.728521
500.000000 4.720000
512.000000 1.372353
524.000000 0.841729
536.000000 8.290388
548.000000 46.509122
560.000000 2.831000
572.000000 2.624557
584.000000 14.427690
596.000000 9.512865
608.000000 39.533900
620.000000 13.180000
632.000000 9.791809
644.000000 2.320217
656.000000 2.965580
668.000000 1.635953
680.000000 1.466000
692.000000 2.358664
704.000000 3.917568
716.000000 2.330746
728.000000 0.249820
740.000000 0.246000
752.000000 0.246000
764.000000 0.271729
380.000000 0.910000
392.000000 0.436906
404.000000 11.593116
416.000000 1.861215
428.000000 4.097230
440.000000 12.130000
452.000000 7.168816
464.000000 6.189054
476.000000 4.876078
488.000000 14.728521
500.000000 4.720000
512.000000 1.372353
524.000000 0.841729
536.000000 8.290388
548.000000 46.509122
560.000000 2.831000
572.000000 2.624557
584.000000 14.427690
596.000000 9.512865
608.000000 39.533900
620.000000 13.180000
632.000000 9.791809
644.000000 2.320217
656.000000 2.965580
668.000000 1.635953
680.000000 1.466000
692.000000 2.358664
704.000000 3.917568
716.000000 2.330746
728.000000 0.249820
740.000000 0.246000
752.000000 0.246000
764.000000 0.271729
380.000000 0.380424
392.000000 0.504851
404.000000 0.736287
416.000000 0.785575
428.000000 0.745818
440.000000 0.890492
452.000000 0.994382
464.000000 0.988866
476.000000 0.980032
488.000000 0.934011
500.000000 0.928693
512.000000 0.910711
524.000000 0.900777
536.000000 0.898917
548.000000 0.883439
560.000000 0.848896
572.000000 0.816754
584.000000 0.785985
596.000000 0.759016
608.000000 0.761198
620.000000 0.744482
632.000000 0.707717
644.000000 0.696321
656.000000 0.680047
668.000000 0.695562
680.000000 0.664686
692.000000 0.594467
704.000000 0.618176
716.000000 0.571678
728.000000 0.581207
740.000000 0.593379
752.000000 0.593379
764.000000 0.593379
776.000000 0.593379
380.000000 0.380424
392.000000 0.504851
404.000000 0.736287
416.000000 0.785575
428.000000 0.745818
440.000000 0.890492
452.000000 0.994382
464.000000 0.988866
476.000000 0.980032
488.000000 0.934011
500.000000 0.928693
512.000000 0.910711
524.000000 0.900777
536.000000 0.898917
548.000000 0.883439
560.000000 0.848896
572.000000 0.816754
584.000000 0.785985
596.000000 0.759016
608.000000 0.761198
620.000000 0.744482
632.000000 0.707717
644.000000 0.696321
656.000000 0.680047
668.000000 0.695562
680.000000 0.664686
692.000000 0.594467
704.000000 0.618176
716.000000 0.571678
728.000000 0.581207
740.000000 0.593379
752.000000 0.593379
764.000000 0.593379
776.000000 0.593379
380.000000 0.380424
392.000000 0.504851
404.000000 0.736287
416.000000 0.785575
428.000000 0.745818
440.000000 0.890492
452.000000 0.994382
464.000000 0.988866
476.000000 0.980032
488.000000 0.934011
500.000000 0.928693
512.000000 0.910711
524.000000 0.900777
536.000000 0.898917
548.000000 0.883439
560.000000 0.848896
572.000000 0.816754
584.000000 0.785985
596.000000 0.759016
608.000000 0.761198
620.000000 0.744482
632.000000 0.707717
644.000000 0.696321
656.000000 0.680047
668.000000 0.695562
680.000000 0.664686
692.000000 0.594467
704.000000 0.618176
716.000000 0.571678
728.000000 0.581207
740.000000 0.593379
752.000000 0.593379
764.000000 0.593379
776.000000 0.593379
380.000000 0.380424
392.000000 0.504851
404.000000 0.736287
416.000000 0.785575
428.000000 0.745818
440.000000 0.890492
452.000000 0.994382
464.000000 0.988866
476.000000 0.980032
488.000000 0.934011
500.000000 0.928693
512.000000 0.910711
524.000000 0.900777
536.000000 0.898917
548.000000 0.883439
560.000000 0.848896
572.000000 0.816754
584.000000 0.785985
596.000000 0.759016
608.000000 0.761198
620.000000 0.744482
632.000000 0.707717
644.000000 0.696321
656.000000 0.680047
668.000000 0.695562
680.000000 0.664686
692.000000 0.594467
704.000000 0.618176
716.000000 0.571678
728.000000 0.581207
740.000000 0.593379
752.000000 0.593379
764.000000 0.593379
776.000000 0.593379
380.000000 0.380424
392.000000 0.504851
404.000000 0.736287
416.000000 0.785575
428.000000 0.745818
440.000000 0.890492
452.000000 0.994382
464.000000 0.988866
476.000000 0.980032
488.000000 0.934011
500.000000 0.928693
512.000000 0.910711
524.000000 0.900777
536.000000 0.898917
548.000000 0.883439
560.000000 0.848896
572.000000 0.816754
584.000000 0.785985
596.000000 0.759016
608.000000 0.761198
620.000000 0.744482
632.000000 0.707717
644.000000 0.696321
656.000000 0.680047
668.000000 0.695562
680.000000 0.664686
692.000000 0.594467
704.000000 0.618176
716.000000 0.571678
728.000000 0.581207
740.000000 0.593379
752.000000 0.593379
764.000000 0.593379
776.000000 0.593379
380.000000 0.380424
392.000000 0.504851
404.000000 0.736287
416.000000 0.785575
428.000000 0.745818
440.000000 0.890492
452.000000 0.994382
464.000000 0.988866
476.000000 0.980032
488.000000 0.934011
500.000000 0.928693
512.000000 0.910711
524.000000 0.900777
536.000000 0.898917
548.000000 0.883439
560.000000 0.848896
572.000000 0.816754
584.000000 0.785985
596.000000 0.759016
608.000000 0.761198
620.000000 0.744482
632.000000 0.707717
644.000000 0.696321
656.000000 0.680047
668.000000 0.695562
680.000000 0.664686
692.000000 0.594467
704.000000 0.618176
716.000000 0.571678
728.000000 0.581207
740.000000 0.593379
752.000000 0.593379
764.000000 0.593379
776.000000 0.593379
380.000000 0.380424
392.000000 0.504851
404.000000 0.736287
416.000000 0.785575
428.000000 0.745818
440.000000 0.890492
452.000000 0.994382
464.000000 0.988866
476.000000 0.980032
488.000000 0.934011
500.000000 0.928693
512.000000 0.910711
524.000000 0.900777
536.000000 0.898917
548.000000 0.883439
560.000000 0.848896
572.000000 0.816754
584.000000 0.785985
596.000000 0.759016
608.000000 0.761198
620.000000 0.744482
632.000000 0.707717
644.000000 0.696321
656.000000 0.680047
668.000000 0.695562
680.000000 0.664686
692.000000 0.594467
704.000000 0.618176
716.000000 0.571678
728.000000 0.581207
740.000000 0.593379
752.000000 0.593379
764.000000 0.593379
776.000000 0.593379
380.000000 0.380424
392.000000 0.504851
404.000000 0.736287
416.000000 0.785575
428.000000 0.745818
440.000000 0.890492
452.000000 0.994382
464.000000 0.988866
476.000000 0.980032
488.000000 0.934011
500.000000 0.928693
512.000000 0.910711
524.000000 0.900777
536.000000 0.898917
548.000000 0.883439
560.000000 0.848896
572.000000 0.816754
584.000000 0.785985
596.000000 0.759016
608.000000 0.761198
620.000000 0.744482
632.000000 0.707717
644.000000 0.696321
656.000000 0.680047
668.000000 0.695562
680.000000 0.664686
692.000000 0.594467
704.000000 0.618176
716.000000 0.571678
728.000000 0.581207
740.000000 0.593379
752.000000 0.593379
764.000000 0.593379
776.000000 0.593379
380.000000 0.045345
392.000000 0.057955
404.000000 0.074091
416.000000 0.090007
428.000000 0.111145
440.000000 0.132797
452.000000 0.156818
464.000000 0.185370
476.000000 0.211826
488.000000 0.244857
500.000000 0.276976
512.000000 0.310763
524.000000 0.349231
536.000000 0.383341
548.000000 0.424305
560.000000 0.462706
572.000000 0.501715
584.000000 0.544755
596.000000 0.581800
608.000000 0.625065
620.000000 0.664538
632.000000 0.703669
644.000000 0.745799
656.000000 0.781230
668.000000 0.821760
680.000000 0.857996
692.000000 0.893171
704.000000 0.930335
716.000000 0.961001
728.000000 0.995444
740.000000 0.904508
752.000000 0.593691
764.000000 0.232087
776.000000 0.015708
