382.000000 0.007882
394.000000 0.034663
406.000000 0.119482
418.000000 0.550832
430.000000 1.385600
442.000000 1.759365
454.000000 1.746774
466.000000 1.505134
478.000000 0.892083
490.000000 0.465200
502.000000 0.251374
514.000000 0.116140
526.000000 0.055858
538.000000 0.023582
550.000000 0.008700
562.000000 0.003485
574.000000 0.001829
586.000000 0.001371
598.000000 0.000869
610.000000 0.000300
622.000000 0.000165
634.000000 0.000000
646.000000 0.000000
658.000000 0.000000
670.000000 0.000000
682.000000 0.000000
694.000000 0.000000
706.000000 0.000000
718.000000 0.000000
734.000000 0.000000
746.000000 0.000000
758.000000 0.000000
770.000000 0.000000
387.000000 0.013817
399.000000 0.064873
411.000000 0.223051
423.000000 0.903149
435.000000 1.623000
447.000000 1.778972
459.000000 1.676352
471.000000 1.264138
483.000000 0.684193
495.000000 0.353300
507.000000 0.193609
519.000000 0.081399
531.000000 0.041016
543.000000 0.015784
559.000000 0.004072
571.000000 0.002071
583.000000 0.001504
595.000000 0.001000
607.000000 0.000496
619.000000 0.000200
631.000000 0.000000
643.000000 0.000000
655.000000 0.000000
667.000000 0.000000
679.000000 0.000000
691.000000 0.000000
703.000000 0.000000
715.000000 0.000000
727.000000 0.000000
739.000000 0.000000
751.000000 0.000000
763.000000 0.000000
775.000000 0.000000
387.000000 0.013817
399.000000 0.064873
411.000000 0.223051
423.000000 0.903149
435.000000 1.623000
447.000000 1.778972
459.000000 1.676352
471.000000 1.264138
483.000000 0.684193
495.000000 0.353300
507.000000 0.193609
519.000000 0.081399
531.000000 0.041016
543.000000 0.015784
555.000000 0.005700
567.000000 0.002493
579.000000 0.001710
591.000000 0.001090
603.000000 0.000669
615.000000 0.000200
627.000000 0.000065
639.000000 0.000000
651.000000 0.000000
663.000000 0.000000
675.000000 0.000000
687.000000 0.000000
699.000000 0.000000
711.000000 0.000000
727.000000 0.000000
739.000000 0.000000
751.000000 0.000000
763.000000 0.000000
775.000000 0.000000
384.000000 0.010118
396.000000 0.039227
408.000000 0.173818
420.000000 0.645600
432.000000 1.467620
444.000000 1.779210
456.000000 1.736948
468.000000 1.370691
480.000000 0.813000
492.000000 0.426539
504.000000 0.218001
516.000000 0.108501
528.000000 0.047417
540.000000 0.020300
552.000000 0.007664
564.000000 0.002815
576.000000 0.001790
592.000000 0.001065
604.000000 0.000619
616.000000 0.000200
628.000000 0.000035
640.000000 0.000000
652.000000 0.000000
664.000000 0.000000
676.000000 0.000000
688.000000 0.000000
700.000000 0.000000
712.000000 0.000000
724.000000 0.000000
736.000000 0.000000
748.000000 0.000000
760.000000 0.000000
772.000000 0.000000
384.000000 0.010118
396.000000 0.039227
408.000000 0.173818
420.000000 0.645600
432.000000 1.467620
448.000000 1.775728
460.000000 1.669200
472.000000 1.202713
484.000000 0.634993
496.000000 0.345537
508.000000 0.176891
520.000000 0.078200
532.000000 0.037916
544.000000 0.014059
556.000000 0.005528
568.000000 0.002307
580.000000 0.001700
592.000000 0.001065
604.000000 0.000619
616.000000 0.000200
628.000000 0.000035
640.000000 0.000000
652.000000 0.000000
664.000000 0.000000
676.000000 0.000000
688.000000 0.000000
700.000000 0.000000
712.000000 0.000000
724.000000 0.000000
736.000000 0.000000
748.000000 0.000000
760.000000 0.000000
772.000000 0.000000
388.000000 0.016783
400.000000 0.067900
412.000000 0.264026
424.000000 1.001524
436.000000 1.634850
448.000000 1.775728
460.000000 1.669200
472.000000 1.202713
484.000000 0.634993
500.000000 0.272000
512.000000 0.142135
524.000000 0.059296
536.000000 0.028893
548.000000 0.010324
560.000000 0.003900
572.000000 0.001996
584.000000 0.001429
596.000000 0.000981
608.000000 0.000404
620.000000 0.000200
632.000000 0.000000
644.000000 0.000000
656.000000 0.000000
668.000000 0.000000
680.000000 0.000000
692.000000 0.000000
704.000000 0.000000
716.000000 0.000000
728.000000 0.000000
740.000000 0.000000
752.000000 0.000000
764.000000 0.000000
776.000000 0.000000
381.000000 0.006882
393.000000 0.030638
405.000000 0.110200
417.000000 0.466068
429.000000 1.352512
441.000000 1.750490
453.000000 1.753774
465.000000 1.528100
481.000000 0.794207
493.000000 0.391960
505.000000 0.212300
517.000000 0.100126
529.000000 0.043642
541.000000 0.019641
553.000000 0.006736
565.000000 0.002700
577.000000 0.001765
589.000000 0.001129
601.000000 0.000781
613.000000 0.000235
625.000000 0.000100
637.000000 0.000000
649.000000 0.000000
661.000000 0.000000
673.000000 0.000000
685.000000 0.000000
697.000000 0.000000
709.000000 0.000000
721.000000 0.000000
733.000000 0.000000
745.000000 0.000000
757.000000 0.000000
769.000000 0.000000
388.000000 0.016783
400.000000 0.067900
412.000000 0.264026
424.000000 1.001524
436.000000 1.634850
448.000000 1.775728
460.000000 1.669200
472.000000 1.202713
484.000000 0.634993
496.000000 0.345537
508.000000 0.176891
520.000000 0.078200
532.000000 0.037916
544.000000 0.014059
556.000000 0.005528
568.000000 0.002307
580.000000 0.001700
592.000000 0.001065
604.000000 0.000619
616.000000 0.000200
628.000000 0.000035
640.000000 0.000000
652.000000 0.000000
664.000000 0.000000
676.000000 0.000000
688.000000 0.000000
700.000000 0.000000
712.000000 0.000000
728.000000 0.000000
740.000000 0.000000
752.000000 0.000000
764.000000 0.000000
776.000000 0.000000
389.000000 0.019183
401.000000 0.071939
413.000000 0.314674
425.000000 1.039100
437.000000 1.665875
449.000000 1.773103
461.000000 1.655726
473.000000 1.126787
485.000000 0.616200
497.000000 0.325212
509.000000 0.163366
521.000000 0.076204
533.000000 0.034084
545.000000 0.013400
557.000000 0.005078
569.000000 0.002157
581.000000 0.001671
593.000000 0.001035
605.000000 0.000600
617.000000 0.000200
629.000000 0.000010
641.000000 0.000000
653.000000 0.000000
665.000000 0.000000
681.000000 0.000000
693.000000 0.000000
705.000000 0.000000
717.000000 0.000000
729.000000 0.000000
741.000000 0.000000
753.000000 0.000000
765.000000 0.000000
777.000000 0.000000
394.000000 0.034663
414.000000 0.355649
434.000000 1.600330
454.000000 1.746774
474.000000 1.065362
494.000000 0.363985
514.000000 0.116140
534.000000 0.030984
554.000000 0.005986
574.000000 0.001829
594.000000 0.001010
614.000000 0.000210
634.000000 0.000000
654.000000 0.000000
674.000000 0.000000
694.000000 0.000000
714.000000 0.000000
734.000000 0.000000
754.000000 0.000000
774.000000 0.000000
387.000000 0.013817
398.000000 0.056948
409.000000 0.198118
446.000000 1.781597
457.000000 1.718223
468.000000 1.370691
479.000000 0.834858
490.000000 0.465200
501.000000 0.266299
512.000000 0.142135
523.000000 0.064521
534.000000 0.030984
545.000000 0.013400
556.000000 0.005528
567.000000 0.002493
578.000000 0.001735
589.000000 0.001129
600.000000 0.000800
611.000000 0.000290
622.000000 0.000165
633.000000 0.000000
644.000000 0.000000
655.000000 0.000000
666.000000 0.000000
677.000000 0.000000
688.000000 0.000000
699.000000 0.000000
710.000000 0.000000
721.000000 0.000000
732.000000 0.000000
743.000000 0.000000
754.000000 0.000000
765.000000 0.000000
776.000000 0.000000
390.000000 0.020100
401.000000 0.071939
412.000000 0.264026
423.000000 0.903149
434.000000 1.600330
445.000000 1.782600
456.000000 1.736948
467.000000 1.445009
478.000000 0.892083
489.000000 0.479619
500.000000 0.272000
511.000000 0.153760
522.000000 0.070979
533.000000 0.034084
544.000000 0.014059
555.000000 0.005700
566.000000 0.002643
577.000000 0.001765
588.000000 0.001204
599.000000 0.000819
610.000000 0.000300
621.000000 0.000190
632.000000 0.000000
643.000000 0.000000
654.000000 0.000000
665.000000 0.000000
676.000000 0.000000
687.000000 0.000000
698.000000 0.000000
709.000000 0.000000
720.000000 0.000000
731.000000 0.000000
742.000000 0.000000
753.000000 0.000000
385.000000 0.010500
396.000000 0.039227
407.000000 0.143782
418.000000 0.550832
429.000000 1.352512
440.000000 1.747100
451.000000 1.769426
462.000000 1.620451
473.000000 1.126787
484.000000 0.634993
495.000000 0.353300
506.000000 0.207134
517.000000 0.100126
528.000000 0.047417
539.000000 0.021207
550.000000 0.008700
561.000000 0.003785
572.000000 0.001996
583.000000 0.001504
594.000000 0.001010
605.000000 0.000600
616.000000 0.000200
627.000000 0.000065
638.000000 0.000000
649.000000 0.000000
660.000000 0.000000
671.000000 0.000000
708.000000 0.000000
719.000000 0.000000
730.000000 0.000000
741.000000 0.000000
752.000000 0.000000
763.000000 0.000000
774.000000 0.000000
399.000000 0.064873
410.000000 0.207400
421.000000 0.683176
432.000000 1.467620
443.000000 1.770335
454.000000 1.746774
465.000000 1.528100
476.000000 1.020042
487.000000 0.564031
498.000000 0.300088
509.000000 0.163366
520.000000 0.078200
531.000000 0.041016
542.000000 0.017916
553.000000 0.006736
564.000000 0.002815
575.000000 0.001800
586.000000 0.001371
597.000000 0.000931
608.000000 0.000404
619.000000 0.000200
630.000000 0.000000
641.000000 0.000000
652.000000 0.000000
663.000000 0.000000
674.000000 0.000000
685.000000 0.000000
696.000000 0.000000
707.000000 0.000000
718.000000 0.000000
729.000000 0.000000
740.000000 0.000000
751.000000 0.000000
762.000000 0.000000
387.000000 0.013817
398.000000 0.056948
409.000000 0.198118
420.000000 0.645600
431.000000 1.408270
442.000000 1.759365
453.000000 1.753774
464.000000 1.541574
475.000000 1.041900
486.000000 0.601781
497.000000 0.325212
508.000000 0.176891
519.000000 0.081399
530.000000 0.042200
541.000000 0.019641
552.000000 0.007664
563.000000 0.003115
574.000000 0.001829
585.000000 0.001400
596.000000 0.000981
607.000000 0.000496
618.000000 0.000200
629.000000 0.000010
640.000000 0.000000
651.000000 0.000000
662.000000 0.000000
673.000000 0.000000
684.000000 0.000000
695.000000 0.000000
706.000000 0.000000
743.000000 0.000000
754.000000 0.000000
765.000000 0.000000
776.000000 0.000000
397.000000 0.047152
414.000000 0.355649
431.000000 1.408270
448.000000 1.775728
465.000000 1.528100
482.000000 0.745007
499.000000 0.279763
516.000000 0.108501
533.000000 0.034084
550.000000 0.008700
567.000000 0.002493
584.000000 0.001429
601.000000 0.000781
618.000000 0.000200
635.000000 0.000000
652.000000 0.000000
669.000000 0.000000
686.000000 0.000000
703.000000 0.000000
729.000000 0.000000
746.000000 0.000000
763.000000 0.000000
780.000000 0.000000
