382.000000 0.000035
394.000000 0.000190
406.000000 0.000657
418.000000 0.003378
430.000000 0.011600
442.000000 0.025349
454.000000 0.047045
466.000000 0.075533
478.000000 0.129879
490.000000 0.208000
502.000000 0.352125
514.000000 0.598154
526.000000 0.799770
538.000000 0.940491
550.000000 0.995000
562.000000 0.989334
574.000000 0.918895
586.000000 0.810637
598.000000 0.653077
610.000000 0.503000
622.000000 0.360271
634.000000 0.221584
646.000000 0.135221
658.000000 0.068117
670.000000 0.032000
682.000000 0.015238
694.000000 0.005939
706.000000 0.002824
718.000000 0.001173
734.000000 0.000410
746.000000 0.000190
758.000000 0.000100
770.000000 0.000000
387.000000 0.000100
399.000000 0.000381
411.000000 0.001295
423.000000 0.006160
435.000000 0.016800
447.000000 0.032633
459.000000 0.058854
471.000000 0.093063
483.000000 0.158832
495.000000 0.258600
507.000000 0.440364
519.000000 0.700279
531.000000 0.867052
543.000000 0.971214
559.000000 0.995477
571.000000 0.948505
583.000000 0.834853
595.000000 0.694900
607.000000 0.544758
619.000000 0.386749
631.000000 0.260416
643.000000 0.150914
655.000000 0.081600
667.000000 0.040247
679.000000 0.017592
691.000000 0.007961
703.000000 0.003315
715.000000 0.001500
727.000000 0.000631
739.000000 0.000219
751.000000 0.000100
763.000000 0.000035
775.000000 0.000000
387.000000 0.000100
399.000000 0.000381
411.000000 0.001295
423.000000 0.006160
435.000000 0.016800
447.000000 0.032633
459.000000 0.058854
471.000000 0.093063
483.000000 0.158832
495.000000 0.258600
507.000000 0.440364
519.000000 0.700279
531.000000 0.867052
543.000000 0.971214
555.000000 1.000000
567.000000 0.969410
579.000000 0.874335
591.000000 0.751070
603.000000 0.588981
615.000000 0.441200
627.000000 0.301652
639.000000 0.179011
651.000000 0.104575
663.000000 0.050266
675.000000 0.023200
687.000000 0.010622
699.000000 0.004253
711.000000 0.002043
727.000000 0.000631
739.000000 0.000219
751.000000 0.000100
763.000000 0.000035
775.000000 0.000000
384.000000 0.000090
396.000000 0.000219
408.000000 0.000993
420.000000 0.004000
432.000000 0.013397
444.000000 0.029151
456.000000 0.049146
468.000000 0.085092
480.000000 0.139000
492.000000 0.225482
504.000000 0.399250
516.000000 0.617921
528.000000 0.838230
540.000000 0.954000
552.000000 0.996727
564.000000 0.980166
576.000000 0.911065
592.000000 0.735545
604.000000 0.572931
616.000000 0.435451
628.000000 0.284348
640.000000 0.175000
652.000000 0.098225
664.000000 0.046166
676.000000 0.022608
688.000000 0.009478
700.000000 0.004100
712.000000 0.001893
724.000000 0.000729
736.000000 0.000381
748.000000 0.000135
760.000000 0.000100
772.000000 0.000000
384.000000 0.000090
396.000000 0.000219
408.000000 0.000993
420.000000 0.004000
432.000000 0.013397
448.000000 0.035167
460.000000 0.060000
472.000000 0.098463
484.000000 0.166407
496.000000 0.264750
508.000000 0.469936
520.000000 0.710000
532.000000 0.880277
544.000000 0.977789
556.000000 0.999523
568.000000 0.961190
580.000000 0.870000
592.000000 0.735545
604.000000 0.572931
616.000000 0.435451
628.000000 0.284348
640.000000 0.175000
652.000000 0.098225
664.000000 0.046166
676.000000 0.022608
688.000000 0.009478
700.000000 0.004100
712.000000 0.001893
724.000000 0.000729
736.000000 0.000381
748.000000 0.000135
760.000000 0.000100
772.000000 0.000000
388.000000 0.000100
400.000000 0.000400
412.000000 0.001545
424.000000 0.006985
436.000000 0.017392
448.000000 0.035167
460.000000 0.060000
472.000000 0.098463
484.000000 0.166407
500.000000 0.323000
512.000000 0.539346
524.000000 0.785255
536.000000 0.918634
548.000000 0.989921
560.000000 0.995000
572.000000 0.939355
584.000000 0.821428
596.000000 0.688798
608.000000 0.525042
620.000000 0.381000
632.000000 0.248416
644.000000 0.141714
656.000000 0.079633
668.000000 0.036353
680.000000 0.017000
692.000000 0.007336
704.000000 0.003015
716.000000 0.001452
728.000000 0.000569
740.000000 0.000200
752.000000 0.000100
764.000000 0.000010
776.000000 0.000000
381.000000 0.000010
393.000000 0.000165
405.000000 0.000600
417.000000 0.002822
429.000000 0.011189
441.000000 0.023649
453.000000 0.044545
465.000000 0.073900
481.000000 0.141893
493.000000 0.241118
505.000000 0.407300
517.000000 0.643371
529.000000 0.855430
541.000000 0.956511
553.000000 0.998273
565.000000 0.978600
577.000000 0.899715
589.000000 0.762663
601.000000 0.624869
613.000000 0.462551
625.000000 0.321000
637.000000 0.202489
649.000000 0.109979
661.000000 0.059434
673.000000 0.026240
685.000000 0.011900
697.000000 0.005147
709.000000 0.002176
721.000000 0.000971
733.000000 0.000435
745.000000 0.000200
757.000000 0.000100
769.000000 0.000000
388.000000 0.000100
400.000000 0.000400
412.000000 0.001545
424.000000 0.006985
436.000000 0.017392
448.000000 0.035167
460.000000 0.060000
472.000000 0.098463
484.000000 0.166407
496.000000 0.264750
508.000000 0.469936
520.000000 0.710000
532.000000 0.880277
544.000000 0.977789
556.000000 0.999523
568.000000 0.961190
580.000000 0.870000
592.000000 0.735545
604.000000 0.572931
616.000000 0.435451
628.000000 0.284348
640.000000 0.175000
652.000000 0.098225
664.000000 0.046166
676.000000 0.022608
688.000000 0.009478
700.000000 0.004100
712.000000 0.001893
728.000000 0.000569
740.000000 0.000200
752.000000 0.000100
764.000000 0.000010
776.000000 0.000000
389.000000 0.000100
401.000000 0.000419
413.000000 0.001855
425.000000 0.007300
437.000000 0.018942
449.000000 0.037217
461.000000 0.061327
473.000000 0.105137
485.000000 0.169300
497.000000 0.280850
509.000000 0.493861
521.000000 0.717945
533.000000 0.896624
545.000000 0.980300
557.000000 0.998273
569.000000 0.954540
581.000000 0.864872
593.000000 0.716355
605.000000 0.566800
617.000000 0.420401
629.000000 0.270348
641.000000 0.171486
653.000000 0.090375
665.000000 0.044600
681.000000 0.016513
693.000000 0.006564
705.000000 0.002900
717.000000 0.001327
729.000000 0.000519
741.000000 0.000200
753.000000 0.000100
765.000000 0.000000
777.000000 0.000000
394.000000 0.000190
414.000000 0.002105
434.000000 0.016303
454.000000 0.047045
474.000000 0.110537
494.000000 0.253768
514.000000 0.598154
534.000000 0.909849
554.000000 0.999523
574.000000 0.918895
594.000000 0.700830
614.000000 0.447101
634.000000 0.221584
654.000000 0.084025
674.000000 0.024040
694.000000 0.005939
714.000000 0.001557
734.000000 0.000410
754.000000 0.000100
774.000000 0.000000
387.000000 0.000100
398.000000 0.000331
409.000000 0.001143
446.000000 0.030583
457.000000 0.052146
468.000000 0.085092
479.000000 0.136479
490.000000 0.208000
501.000000 0.331050
512.000000 0.539346
523.000000 0.764455
534.000000 0.909849
545.000000 0.980300
556.000000 0.999523
567.000000 0.969410
578.000000 0.885685
589.000000 0.762663
600.000000 0.631000
611.000000 0.497099
622.000000 0.360271
633.000000 0.233584
644.000000 0.141714
655.000000 0.081600
666.000000 0.043397
677.000000 0.021058
688.000000 0.009478
699.000000 0.004253
710.000000 0.002100
721.000000 0.000971
732.000000 0.000465
743.000000 0.000200
754.000000 0.000100
765.000000 0.000000
776.000000 0.000000
390.000000 0.000100
401.000000 0.000419
412.000000 0.001545
423.000000 0.006160
434.000000 0.016303
445.000000 0.029800
456.000000 0.049146
467.000000 0.079808
478.000000 0.129879
489.000000 0.204304
500.000000 0.323000
511.000000 0.513046
522.000000 0.738745
533.000000 0.896624
544.000000 0.977789
555.000000 1.000000
566.000000 0.976060
577.000000 0.899715
588.000000 0.777488
599.000000 0.637102
610.000000 0.503000
621.000000 0.375271
632.000000 0.248416
643.000000 0.150914
654.000000 0.084025
665.000000 0.044600
676.000000 0.022608
687.000000 0.010622
698.000000 0.004653
709.000000 0.002176
720.000000 0.001000
731.000000 0.000490
742.000000 0.000200
753.000000 0.000100
385.000000 0.000100
396.000000 0.000219
407.000000 0.000807
418.000000 0.003378
429.000000 0.011189
440.000000 0.023000
451.000000 0.038955
462.000000 0.064802
473.000000 0.105137
484.000000 0.166407
495.000000 0.258600
506.000000 0.416439
517.000000 0.643371
528.000000 0.838230
539.000000 0.950266
550.000000 0.995000
561.000000 0.993434
572.000000 0.939355
583.000000 0.834853
594.000000 0.700830
605.000000 0.566800
616.000000 0.435451
627.000000 0.301652
638.000000 0.189511
649.000000 0.109979
660.000000 0.061000
671.000000 0.031160
708.000000 0.002376
719.000000 0.001048
730.000000 0.000500
741.000000 0.000200
752.000000 0.000100
763.000000 0.000035
774.000000 0.000000
399.000000 0.000381
410.000000 0.001200
421.000000 0.004315
432.000000 0.013397
443.000000 0.027451
454.000000 0.047045
465.000000 0.073900
476.000000 0.115121
487.000000 0.182671
498.000000 0.300750
509.000000 0.493861
520.000000 0.710000
531.000000 0.867052
542.000000 0.963086
553.000000 0.998273
564.000000 0.980166
575.000000 0.915400
586.000000 0.810637
597.000000 0.672823
608.000000 0.525042
619.000000 0.386749
630.000000 0.265000
641.000000 0.171486
652.000000 0.098225
663.000000 0.050266
674.000000 0.024040
685.000000 0.011900
696.000000 0.005547
707.000000 0.002624
718.000000 0.001173
729.000000 0.000519
740.000000 0.000200
751.000000 0.000100
762.000000 0.000065
387.000000 0.000100
398.000000 0.000331
409.000000 0.001143
420.000000 0.004000
431.000000 0.012097
442.000000 0.025349
453.000000 0.044545
464.000000 0.072573
475.000000 0.112600
486.000000 0.172996
497.000000 0.280850
508.000000 0.469936
519.000000 0.700279
530.000000 0.862000
541.000000 0.956511
552.000000 0.996727
563.000000 0.984266
574.000000 0.918895
585.000000 0.816300
596.000000 0.688798
607.000000 0.544758
618.000000 0.401799
629.000000 0.270348
640.000000 0.175000
651.000000 0.104575
662.000000 0.055334
673.000000 0.026240
684.000000 0.012387
695.000000 0.005700
706.000000 0.002824
743.000000 0.000200
754.000000 0.000100
765.000000 0.000000
776.000000 0.000000
