382.000000 0.001676
394.000000 0.007366
406.000000 0.025138
418.000000 0.114776
430.000000 0.283900
442.000000 0.348231
454.000000 0.320371
466.000000 0.245781
478.000000 0.111665
490.000000 0.032000
502.000000 0.004036
514.000000 0.027209
526.000000 0.114938
538.000000 0.268047
550.000000 0.433400
562.000000 0.623487
574.000000 0.834822
586.000000 0.983155
598.000000 1.060300
610.000000 1.002600
622.000000 0.818814
634.000000 0.551497
646.000000 0.353419
658.000000 0.183487
670.000000 0.087400
682.000000 0.041998
694.000000 0.016459
706.000000 0.007880
718.000000 0.003315
734.000000 0.001038
746.000000 0.000481
758.000000 0.000200
770.000000 0.000100
387.000000 0.002891
399.000000 0.013670
411.000000 0.046756
423.000000 0.187022
435.000000 0.328500
447.000000 0.343989
459.000000 0.293464
471.000000 0.190310
483.000000 0.070990
495.000000 0.014700
507.000000 0.004784
519.000000 0.060034
531.000000 0.171249
543.000000 0.335757
559.000000 0.586632
571.000000 0.769778
583.000000 0.957076
595.000000 1.056700
607.000000 1.030744
619.000000 0.862421
631.000000 0.632803
643.000000 0.390892
655.000000 0.218700
667.000000 0.109522
679.000000 0.048404
691.000000 0.022041
703.000000 0.009240
715.000000 0.004100
727.000000 0.001793
739.000000 0.000729
751.000000 0.000290
763.000000 0.000135
775.000000 0.000100
387.000000 0.002891
399.000000 0.013670
411.000000 0.046756
423.000000 0.187022
435.000000 0.328500
447.000000 0.343989
459.000000 0.293464
471.000000 0.190310
483.000000 0.070990
495.000000 0.014700
507.000000 0.004784
519.000000 0.060034
531.000000 0.171249
543.000000 0.335757
555.000000 0.512100
567.000000 0.707318
579.000000 0.909253
591.000000 1.029203
603.000000 1.051335
615.000000 0.938400
627.000000 0.713741
639.000000 0.456876
651.000000 0.277312
663.000000 0.136298
675.000000 0.063600
687.000000 0.029376
699.000000 0.011820
711.000000 0.005638
727.000000 0.001793
739.000000 0.000729
751.000000 0.000290
763.000000 0.000135
775.000000 0.000100
384.000000 0.002124
396.000000 0.008330
408.000000 0.036487
420.000000 0.134400
432.000000 0.299309
444.000000 0.348119
456.000000 0.316036
468.000000 0.214644
480.000000 0.095600
492.000000 0.026023
504.000000 0.002639
516.000000 0.032366
528.000000 0.146187
540.000000 0.290400
552.000000 0.460590
564.000000 0.670388
576.000000 0.849547
592.000000 1.036803
604.000000 1.047185
616.000000 0.930379
628.000000 0.680059
640.000000 0.447900
652.000000 0.261112
664.000000 0.125373
676.000000 0.061996
688.000000 0.026224
700.000000 0.011400
712.000000 0.005213
724.000000 0.002086
736.000000 0.000971
748.000000 0.000369
760.000000 0.000200
772.000000 0.000100
384.000000 0.002124
396.000000 0.008330
408.000000 0.036487
420.000000 0.134400
432.000000 0.299309
448.000000 0.340311
460.000000 0.290800
472.000000 0.176985
484.000000 0.061590
496.000000 0.013764
508.000000 0.006916
520.000000 0.063300
532.000000 0.186299
544.000000 0.353082
556.000000 0.519969
568.000000 0.733182
580.000000 0.916300
592.000000 1.036803
604.000000 1.047185
616.000000 0.930379
628.000000 0.680059
640.000000 0.447900
652.000000 0.261112
664.000000 0.125373
676.000000 0.061996
688.000000 0.026224
700.000000 0.011400
712.000000 0.005213
724.000000 0.002086
736.000000 0.000971
748.000000 0.000369
760.000000 0.000200
772.000000 0.000100
388.000000 0.003509
400.000000 0.014300
412.000000 0.055281
424.000000 0.207122
436.000000 0.330391
448.000000 0.340311
460.000000 0.290800
472.000000 0.176985
484.000000 0.061590
500.000000 0.004900
512.000000 0.016141
524.000000 0.105179
536.000000 0.231878
548.000000 0.407937
560.000000 0.594500
572.000000 0.789878
584.000000 0.972651
596.000000 1.057225
608.000000 1.017456
620.000000 0.854400
632.000000 0.607678
644.000000 0.369117
656.000000 0.213563
668.000000 0.099078
680.000000 0.046800
692.000000 0.020316
704.000000 0.008415
716.000000 0.003985
728.000000 0.001607
740.000000 0.000700
752.000000 0.000265
764.000000 0.000110
776.000000 0.000090
381.000000 0.001476
393.000000 0.006491
405.000000 0.023200
417.000000 0.097224
429.000000 0.277302
441.000000 0.348281
453.000000 0.324746
465.000000 0.251100
481.000000 0.092010
493.000000 0.020677
505.000000 0.002400
517.000000 0.040916
529.000000 0.160162
541.000000 0.297018
553.000000 0.484910
565.000000 0.678400
577.000000 0.867997
589.000000 1.021745
601.000000 1.060615
613.000000 0.960581
625.000000 0.751400
637.000000 0.509424
649.000000 0.290881
661.000000 0.160727
673.000000 0.071823
685.000000 0.032900
697.000000 0.014280
709.000000 0.006020
721.000000 0.002814
733.000000 0.001138
745.000000 0.000500
757.000000 0.000200
769.000000 0.000100
388.000000 0.003509
400.000000 0.014300
412.000000 0.055281
424.000000 0.207122
436.000000 0.330391
448.000000 0.340311
460.000000 0.290800
472.000000 0.176985
484.000000 0.061590
496.000000 0.013764
508.000000 0.006916
520.000000 0.063300
532.000000 0.186299
544.000000 0.353082
556.000000 0.519969
568.000000 0.733182
580.000000 0.916300
592.000000 1.036803
604.000000 1.047185
616.000000 0.930379
628.000000 0.680059
640.000000 0.447900
652.000000 0.261112
664.000000 0.125373
676.000000 0.061996
688.000000 0.026224
700.000000 0.011400
712.000000 0.005213
728.000000 0.001607
740.000000 0.000700
752.000000 0.000265
764.000000 0.000110
776.000000 0.000090
389.000000 0.004009
401.000000 0.015150
413.000000 0.065819
425.000000 0.214800
437.000000 0.335341
449.000000 0.337336
461.000000 0.287009
473.000000 0.160515
485.000000 0.058000
497.000000 0.011314
509.000000 0.008641
521.000000 0.067721
533.000000 0.204901
545.000000 0.359700
557.000000 0.540569
569.000000 0.754107
581.000000 0.922249
593.000000 1.046197
605.000000 1.045600
617.000000 0.909379
629.000000 0.652809
641.000000 0.439583
653.000000 0.241088
665.000000 0.121200
681.000000 0.045473
693.000000 0.018184
705.000000 0.008100
717.000000 0.003685
729.000000 0.001457
741.000000 0.000681
753.000000 0.000235
765.000000 0.000100
777.000000 0.000065
394.000000 0.007366
414.000000 0.074344
434.000000 0.324241
454.000000 0.320371
474.000000 0.147190
494.000000 0.016352
514.000000 0.027209
534.000000 0.219951
554.000000 0.504585
574.000000 0.834822
594.000000 1.053797
614.000000 0.944531
634.000000 0.551497
654.000000 0.224888
674.000000 0.065873
694.000000 0.016459
714.000000 0.004262
734.000000 0.001038
754.000000 0.000210
774.000000 0.000100
387.000000 0.002891
398.000000 0.012020
409.000000 0.041562
446.000000 0.346964
457.000000 0.309061
468.000000 0.214644
479.000000 0.100040
490.000000 0.032000
501.000000 0.004661
512.000000 0.016141
523.000000 0.093604
534.000000 0.219951
545.000000 0.359700
556.000000 0.519969
567.000000 0.707318
578.000000 0.890803
589.000000 1.021745
600.000000 1.062200
611.000000 0.996469
622.000000 0.818814
633.000000 0.576622
644.000000 0.369117
655.000000 0.218700
666.000000 0.117972
677.000000 0.057796
688.000000 0.026224
699.000000 0.011820
710.000000 0.005800
721.000000 0.002814
732.000000 0.001262
743.000000 0.000569
754.000000 0.000210
765.000000 0.000100
776.000000 0.000090
390.000000 0.004200
401.000000 0.015150
412.000000 0.055281
423.000000 0.187022
434.000000 0.324241
445.000000 0.348100
456.000000 0.316036
467.000000 0.231856
478.000000 0.111665
489.000000 0.034483
500.000000 0.004900
511.000000 0.011191
522.000000 0.079296
533.000000 0.204901
544.000000 0.353082
555.000000 0.512100
566.000000 0.686393
577.000000 0.867997
588.000000 1.009820
599.000000 1.061675
610.000000 1.002600
621.000000 0.844564
632.000000 0.607678
643.000000 0.390892
654.000000 0.224888
665.000000 0.121200
676.000000 0.061996
687.000000 0.029376
698.000000 0.012920
709.000000 0.006020
720.000000 0.002900
731.000000 0.001362
742.000000 0.000631
753.000000 0.000235
385.000000 0.002200
396.000000 0.008330
407.000000 0.030213
418.000000 0.114776
429.000000 0.277302
440.000000 0.348300
451.000000 0.334529
462.000000 0.277084
473.000000 0.160515
484.000000 0.061590
495.000000 0.014700
506.000000 0.003059
517.000000 0.040916
528.000000 0.146187
539.000000 0.284222
550.000000 0.433400
561.000000 0.602512
572.000000 0.789878
583.000000 0.957076
594.000000 1.053797
605.000000 1.045600
616.000000 0.930379
627.000000 0.713741
638.000000 0.480376
649.000000 0.290881
660.000000 0.164900
671.000000 0.085127
708.000000 0.006595
719.000000 0.003015
730.000000 0.001400
741.000000 0.000681
752.000000 0.000265
763.000000 0.000135
774.000000 0.000100
399.000000 0.013670
410.000000 0.043500
421.000000 0.142078
432.000000 0.299309
443.000000 0.348169
454.000000 0.320371
465.000000 0.251100
476.000000 0.137660
487.000000 0.049017
498.000000 0.008286
509.000000 0.008641
520.000000 0.063300
531.000000 0.171249
542.000000 0.314343
553.000000 0.484910
564.000000 0.670388
575.000000 0.842500
586.000000 0.983155
597.000000 1.058600
608.000000 1.017456
619.000000 0.862421
630.000000 0.642400
641.000000 0.439583
652.000000 0.261112
663.000000 0.136298
674.000000 0.065873
685.000000 0.032900
696.000000 0.015380
707.000000 0.007305
718.000000 0.003315
729.000000 0.001457
740.000000 0.000700
751.000000 0.000290
762.000000 0.000165
387.000000 0.002891
398.000000 0.012020
409.000000 0.041562
420.000000 0.134400
431.000000 0.288159
442.000000 0.348231
453.000000 0.324746
464.000000 0.254891
475.000000 0.142100
486.000000 0.055517
497.000000 0.011314
508.000000 0.006916
519.000000 0.060034
530.000000 0.165500
541.000000 0.297018
552.000000 0.460590
563.000000 0.649413
574.000000 0.834822
585.000000 0.978600
596.000000 1.057225
607.000000 1.030744
618.000000 0.883421
629.000000 0.652809
640.000000 0.447900
651.000000 0.277312
662.000000 0.149802
673.000000 0.071823
684.000000 0.034227
695.000000 0.015800
706.000000 0.007880
743.000000 0.000569
754.000000 0.000210
765.000000 0.000100
776.000000 0.000090
397.000000 0.009980
414.000000 0.074344
431.000000 0.288159
448.000000 0.340311
465.000000 0.251100
482.000000 0.082610
499.000000 0.005836
516.000000 0.032366
533.000000 0.204901
550.000000 0.433400
567.000000 0.707318
584.000000 0.972651
601.000000 1.060615
618.000000 0.883421
635.000000 0.541900
652.000000 0.261112
669.000000 0.090628
686.000000 0.031926
703.000000 0.009240
729.000000 0.001457
746.000000 0.000481
763.000000 0.000135
780.000000 0.000000
