380    0.380424
385    0.443973
390    0.463497
395    0.583192
400    0.702886
405    0.739813
410    0.776740
415    0.784805
420    0.792869
425    0.764431
430    0.735993
435    0.813243
440    0.890492
445    0.941851
450    0.993209
455    0.996604
460    1.000000
465    0.987691
470    0.975382
475    0.979626
480    0.983871
485    0.953735
490    0.923599
495    0.926146
500    0.928693
505    0.921902
510    0.915110
515    0.902377
520    0.889643
525    0.901952
530    0.914261
535    0.900255
540    0.886248
545    0.884550
550    0.882852
555    0.865874
560    0.848896
565    0.833192
570    0.817487
575    0.815365
580    0.813243
585    0.783107
590    0.752971
595    0.758489
600    0.764007
605    0.762309
610    0.760611
615    0.752547
620    0.744482
625    0.725806
630    0.707131
635    0.708829
640    0.710526
645    0.694822
650    0.679117
655    0.679966
660    0.680815
665    0.689728
670    0.698642
675    0.681664
680    0.664686
685    0.628183
690    0.591681
695    0.599745
700    0.607810
705    0.619270
710    0.630730
715    0.576825
720    0.522920
725    0.558149
730    0.593379
735    0.593379
740    0.593379
745    0.593379
750    0.593379
755    0.593379
760    0.593379
765    0.593379
770    0.593379
775    0.593379
780    0.593379
