383.000000 0.731974
384.000000 0.663974
398.000000 0.980148
410.000000 1.598000
414.000000 1.778902
428.000000 4.097230
432.000000 14.669961
470.000000 5.463000
474.000000 4.856979
486.000000 14.353979
488.000000 14.728521
500.000000 4.720000
521.000000 0.890271
522.000000 0.875271
529.000000 1.152578
548.000000 46.509122
571.000000 1.934557
572.000000 2.624557
580.000000 11.280000
593.000000 10.774983
621.000000 13.178090
637.000000 4.065706
648.000000 3.157591
666.000000 1.871453
667.000000 1.740153
713.000000 3.576659
715.000000 2.516000
724.000000 0.304647
734.000000 0.217910
734.000000 0.217910
743.000000 0.247309
762.000000 0.305271
772.000000 0.152180
397.000000 0.695852
400.000000 1.298000
403.000000 8.747616
419.000000 2.396785
428.000000 4.097230
429.000000 4.387230
430.000000 4.498000
448.000000 7.110082
507.000000 2.038877
515.000000 1.176000
518.000000 0.992738
534.000000 4.623132
538.000000 27.634613
540.000000 39.590000
559.000000 3.278855
576.000000 5.085021
583.000000 13.557690
616.000000 39.772550
618.000000 23.337449
620.000000 13.180000
633.000000 7.584191
645.000000 2.346000
687.000000 2.291492
698.000000 1.317996
698.000000 1.317996
705.000000 4.188000
708.000000 5.103003
725.000000 0.276000
726.000000 0.272180
741.000000 0.246191
751.000000 0.246000
757.000000 0.273639
778.000000 0.106365
384.000000 0.663974
389.000000 0.484234
410.000000 1.598000
415.000000 1.798000
427.000000 3.738770
432.000000 14.669961
444.000000 7.447359
455.000000 7.123000
487.000000 14.521479
543.000000 61.352409
551.000000 30.214214
561.000000 2.747922
566.000000 1.933307
567.000000 1.860807
569.000000 1.698693
579.000000 10.625979
584.000000 14.427690
589.000000 12.923848
593.000000 10.774983
595.000000 9.743000
602.000000 8.158725
610.000000 55.270000
622.000000 13.173090
625.000000 13.160000
637.000000 4.065706
668.000000 1.635953
669.000000 1.569052
673.000000 1.408553
682.000000 1.631836
715.000000 2.516000
727.000000 0.262180
736.000000 0.218865
774.000000 0.129820
384.000000 0.663974
388.000000 0.526734
389.000000 0.484234
390.000000 0.468000
435.000000 33.940000
438.000000 19.665169
442.000000 10.341390
447.000000 7.035918
460.000000 6.720000
484.000000 13.466195
487.000000 14.521479
498.000000 6.190412
538.000000 27.634613
554.000000 9.916786
592.000000 11.698017
592.000000 11.698017
605.000000 9.723000
611.000000 54.058213
614.000000 43.791787
638.000000 3.126294
666.000000 1.871453
686.000000 2.041492
693.000000 1.833335
698.000000 1.317996
702.000000 2.334432
728.000000 0.249820
731.000000 0.234090
734.000000 0.217910
744.000000 0.247809
749.000000 0.246191
752.000000 0.246000
752.000000 0.246000
755.000000 0.246000
387.000000 0.579266
392.000000 0.436906
394.000000 0.386594
396.000000 0.465852
400.000000 1.298000
410.000000 1.598000
411.000000 1.617098
418.000000 2.231285
432.000000 14.669961
435.000000 33.940000
448.000000 7.110082
458.000000 6.859233
473.000000 5.024479
482.000000 8.643555
498.000000 6.190412
511.000000 1.447353
517.000000 1.079262
523.000000 0.856729
523.000000 0.856729
536.000000 8.290388
559.000000 3.278855
585.000000 14.760000
622.000000 13.173090
636.000000 4.825706
641.000000 2.101783
689.000000 2.850509
701.000000 1.626432
706.000000 4.321497
712.000000 4.525341
720.000000 0.576000
730.000000 0.236000
759.000000 0.318361
763.000000 0.286729
385.000000 0.638000
394.000000 0.386594
394.000000 0.386594
400.000000 1.298000
405.000000 12.680000
411.000000 1.617098
413.000000 1.728902
423.000000 3.034658
443.000000 8.741609
453.000000 7.147184
457.000000 6.983767
460.000000 6.720000
464.000000 6.189054
468.000000 5.694479
475.000000 4.793000
497.000000 7.505588
500.000000 4.720000
511.000000 1.447353
512.000000 1.372353
532.000000 2.498868
537.000000 16.941388
570.000000 1.671000
574.000000 4.167443
607.000000 25.459102
624.000000 13.161910
629.000000 12.345942
641.000000 2.101783
644.000000 2.320217
717.000000 1.845746
739.000000 0.243135
748.000000 0.246691
760.000000 0.326000
768.000000 0.200549
397.000000 0.695852
405.000000 12.680000
412.000000 1.667098
415.000000 1.798000
428.000000 4.097230
431.000000 7.309461
434.000000 31.128539
460.000000 6.720000
472.000000 5.231521
481.000000 6.486805
510.000000 1.476000
528.000000 1.065078
576.000000 5.085021
576.000000 5.085021
599.000000 7.563134
608.000000 39.533900
620.000000 13.180000
649.000000 3.467591
672.000000 1.473447
672.000000 1.473447
684.000000 1.900164
684.000000 1.900164
691.000000 2.783664
692.000000 2.358664
702.000000 2.334432
720.000000 0.576000
720.000000 0.576000
727.000000 0.262180
735.000000 0.216000
736.000000 0.218865
768.000000 0.200549
776.000000 0.123135
779.000000 0.098865
396.000000 0.465852
432.000000 14.669961
450.000000 7.193000
473.000000 5.024479
496.000000 8.569588
499.000000 5.126412
499.000000 5.126412
504.000000 2.563652
506.000000 2.253877
518.000000 0.992738
519.000000 0.922738
533.000000 3.673132
563.000000 2.261578
565.000000 1.961000
574.000000 4.167443
583.000000 13.557690
593.000000 10.774983
614.000000 43.791787
635.000000 5.116000
656.000000 2.965580
661.000000 2.464948
669.000000 1.569052
669.000000 1.569052
685.000000 1.946000
711.000000 5.292841
716.000000 2.330746
728.000000 0.249820
733.000000 0.222910
757.000000 0.273639
761.000000 0.320271
763.000000 0.286729
764.000000 0.271729
779.000000 0.098865
394.000000 0.386594
404.000000 11.593116
430.000000 4.498000
451.000000 7.186316
462.000000 6.517196
475.000000 4.793000
483.000000 11.309445
525.000000 0.836000
530.000000 1.186000
531.000000 1.548868
563.000000 2.261578
569.000000 1.698693
573.000000 3.477444
577.000000 6.797271
596.000000 9.512865
614.000000 43.791787
623.000000 13.166910
637.000000 4.065706
639.000000 2.366294
648.000000 3.157591
653.000000 3.212930
655.000000 3.016000
665.000000 2.017000
670.000000 1.546000
676.000000 1.348414
687.000000 2.291492
693.000000 1.833335
710.000000 5.586000
713.000000 3.576659
714.000000 2.809159
739.000000 0.243135
759.000000 0.318361
766.000000 0.256451
384.000000 0.663974
411.000000 1.617098
418.000000 2.231285
421.000000 2.543842
437.000000 26.404830
442.000000 10.341390
489.000000 14.896021
493.000000 11.043421
497.000000 7.505588
497.000000 7.505588
524.000000 0.841729
525.000000 0.836000
540.000000 39.590000
544.000000 69.664908
554.000000 9.916786
556.000000 7.073145
558.000000 4.451355
572.000000 2.624557
584.000000 14.427690
587.000000 14.058652
595.000000 9.743000
599.000000 7.563134
606.000000 14.072352
626.000000 13.074058
633.000000 7.584191
646.000000 2.464409
703.000000 3.209568
706.000000 4.321497
721.000000 0.547353
724.000000 0.304647
751.000000 0.246000
752.000000 0.246000
773.000000 0.139820
409.000000 2.656237
410.000000 1.598000
421.000000 2.543842
427.000000 3.738770
428.000000 4.097230
452.000000 7.168816
454.000000 7.129684
471.000000 5.399021
523.000000 0.856729
526.000000 0.869422
565.000000 1.961000
587.000000 14.058652
587.000000 14.058652
602.000000 8.158725
603.000000 8.897275
617.000000 32.422550
623.000000 13.166910
629.000000 12.345942
646.000000 2.464409
665.000000 2.017000
678.000000 1.421086
679.000000 1.453586
681.000000 1.511836
684.000000 1.900164
720.000000 0.576000
720.000000 0.576000
725.000000 0.276000
732.000000 0.229090
746.000000 0.247809
746.000000 0.247809
750.000000 0.246000
757.000000 0.273639
780.000000 0.096000
381.000000 0.884026
387.000000 0.579266
410.000000 1.598000
411.000000 1.617098
417.000000 2.026715
419.000000 2.396785
458.000000 6.859233
480.000000 5.663000
486.000000 14.353979
518.000000 0.992738
542.000000 51.077593
570.000000 1.671000
594.000000 10.028233
612.000000 50.885713
656.000000 2.965580
708.000000 5.103003
735.000000 0.216000
738.000000 0.235635
758.000000 0.298361
764.000000 0.271729
412.000000 1.667098
414.000000 1.778902
415.000000 1.798000
440.000000 12.130000
445.000000 6.953000
446.000000 6.975918
450.000000 7.193000
454.000000 7.129684
459.000000 6.758483
479.000000 5.579922
480.000000 5.663000
527.000000 0.956922
549.000000 36.451623
558.000000 4.451355
558.000000 4.451355
558.000000 4.451355
569.000000 1.698693
571.000000 1.934557
574.000000 4.167443
581.000000 11.612310
600.000000 7.333000
604.000000 9.494775
619.000000 15.987450
639.000000 2.366294
641.000000 2.101783
677.000000 1.380914
680.000000 1.466000
683.000000 1.780164
708.000000 5.103003
718.000000 1.246253
725.000000 0.276000
725.000000 0.276000
726.000000 0.272180
733.000000 0.222910
390.000000 0.463497
398.000000 0.661533
408.000000 0.763982
425.000000 0.764431
428.000000 0.745818
429.000000 0.738709
435.000000 0.813243
437.000000 0.839932
445.000000 0.941851
447.000000 0.959594
448.000000 0.975465
455.000000 0.996604
459.000000 0.999676
492.000000 0.924479
502.000000 0.926346
505.000000 0.921902
533.000000 0.905094
553.000000 0.871740
559.000000 0.850518
572.000000 0.816754
597.000000 0.760395
605.000000 0.762309
610.000000 0.760611
612.000000 0.757825
622.000000 0.738030
623.000000 0.732259
638.000000 0.709940
639.000000 0.710364
641.000000 0.709027
663.000000 0.686649
690.000000 0.591681
706.000000 0.620364
726.000000 0.561513
754.000000 0.593379
424.000000 0.767147
482.000000 0.973459
487.000000 0.943323
492.000000 0.924479
509.000000 0.915759
509.000000 0.915759
518.000000 0.894043
520.000000 0.889643
522.000000 0.893896
543.000000 0.885137
552.000000 0.876987
557.000000 0.860009
578.000000 0.813976
582.000000 0.802831
583.000000 0.793519
585.000000 0.783107
594.000000 0.757962
600.000000 0.764007
628.000000 0.713583
631.000000 0.707293
632.000000 0.707717
641.000000 0.709027
642.000000 0.705101
668.000000 0.695562
671.000000 0.697021
672.000000 0.692776
706.000000 0.620364
707.000000 0.623229
708.000000 0.626771
719.000000 0.528068
740.000000 0.593379
740.000000 0.593379
742.000000 0.593379
758.000000 0.593379
390.000000 0.463497
392.000000 0.504851
399.000000 0.691456
409.000000 0.773214
414.000000 0.784035
431.000000 0.743370
433.000000 0.786554
442.000000 0.908236
447.000000 0.959594
468.000000 0.979635
476.000000 0.980032
485.000000 0.953735
488.000000 0.934011
510.000000 0.915110
514.000000 0.903593
538.000000 0.891087
542.000000 0.885661
551.000000 0.881231
573.000000 0.816098
576.000000 0.815162
578.000000 0.813976
596.000000 0.759016
615.000000 0.752547
657.000000 0.680259
668.000000 0.695562
669.000000 0.697791
687.000000 0.615572
696.000000 0.600515
699.000000 0.607040
710.000000 0.630730
715.000000 0.576825
719.000000 0.528068
749.000000 0.593379
767.000000 0.593379
387.000000 0.052337
399.000000 0.067463
403.000000 0.072425
413.000000 0.086682
445.000000 0.142745
449.000000 0.152119
485.000000 0.236165
486.000000 0.237433
497.000000 0.267860
509.000000 0.304281
510.000000 0.305664
520.000000 0.335462
524.000000 0.349231
524.000000 0.349231
526.000000 0.352161
541.000000 0.399225
556.000000 0.447807
587.000000 0.552198
592.000000 0.569103
607.000000 0.619846
625.000000 0.681288
658.000000 0.790154
661.000000 0.797180
662.000000 0.801136
663.000000 0.806027
671.000000 0.828659
677.000000 0.847972
718.000000 0.968632
732.000000 0.996057
739.000000 0.922164
740.000000 0.904508
743.000000 0.842274
749.000000 0.684062
779.000000 0.000987
384.000000 0.437905
398.000000 0.661533
439.000000 0.883116
508.000000 0.917457
511.000000 0.913894
536.000000 0.898917
576.000000 0.815162
578.000000 0.813976
587.000000 0.772695
588.000000 0.763383
588.000000 0.763383
589.000000 0.755849
613.000000 0.755333
614.000000 0.753317
629.000000 0.708914
638.000000 0.709940
657.000000 0.680259
664.000000 0.688877
668.000000 0.695562
674.000000 0.683285
708.000000 0.626771
729.000000 0.590015
761.000000 0.593379
