382.000000 0.816026
394.000000 0.386594
406.000000 11.621763
418.000000 2.231285
430.000000 4.498000
442.000000 10.341390
454.000000 7.129684
466.000000 6.069021
478.000000 5.362422
490.000000 14.960000
502.000000 3.896348
514.000000 1.204647
526.000000 0.869422
538.000000 27.634613
550.000000 32.610000
562.000000 2.530422
574.000000 4.167443
586.000000 14.566152
598.000000 8.165634
610.000000 55.270000
622.000000 13.173090
634.000000 5.798191
646.000000 2.464409
658.000000 2.670419
670.000000 1.546000
682.000000 1.631836
694.000000 1.408336
706.000000 4.321497
718.000000 1.246253
734.000000 0.217910
746.000000 0.247809
758.000000 0.298361
770.000000 0.166000
387.000000 0.579266
399.000000 1.210148
411.000000 1.617098
423.000000 3.034658
435.000000 33.940000
447.000000 7.035918
459.000000 6.758483
471.000000 5.399021
483.000000 11.309445
495.000000 8.976000
507.000000 2.038877
519.000000 0.922738
531.000000 1.548868
543.000000 61.352409
559.000000 3.278855
571.000000 1.934557
583.000000 13.557690
595.000000 9.743000
607.000000 25.459102
619.000000 15.987450
631.000000 11.577809
643.000000 2.252717
655.000000 3.016000
667.000000 1.740153
679.000000 1.453586
691.000000 2.783664
703.000000 3.209568
715.000000 2.516000
727.000000 0.262180
739.000000 0.243135
751.000000 0.246000
763.000000 0.286729
775.000000 0.126000
387.000000 0.579266
399.000000 1.210148
411.000000 1.617098
423.000000 3.034658
435.000000 33.940000
447.000000 7.035918
459.000000 6.758483
471.000000 5.399021
483.000000 11.309445
495.000000 8.976000
507.000000 2.038877
519.000000 0.922738
531.000000 1.548868
543.000000 61.352409
555.000000 7.521000
567.000000 1.860807
579.000000 10.625979
591.000000 12.444767
603.000000 8.897275
615.000000 42.580000
627.000000 12.849058
639.000000 2.366294
651.000000 3.531570
663.000000 2.293847
675.000000 1.336000
687.000000 2.291492
699.000000 1.345496
711.000000 5.292841
727.000000 0.262180
739.000000 0.243135
751.000000 0.246000
763.000000 0.286729
775.000000 0.126000
384.000000 0.663974
396.000000 0.465852
408.000000 5.426736
420.000000 2.460000
432.000000 14.669961
444.000000 7.447359
456.000000 7.084517
468.000000 5.694479
480.000000 5.663000
492.000000 12.892579
504.000000 2.563652
516.000000 1.149262
528.000000 1.065078
540.000000 39.590000
552.000000 23.941963
564.000000 2.044078
576.000000 5.085021
592.000000 11.698017
604.000000 9.494775
616.000000 39.772550
628.000000 12.570942
640.000000 2.076000
652.000000 3.389070
664.000000 2.162547
676.000000 1.348414
688.000000 2.600509
700.000000 1.356000
712.000000 4.525341
724.000000 0.304647
736.000000 0.218865
748.000000 0.246691
760.000000 0.326000
772.000000 0.152180
384.000000 0.663974
396.000000 0.465852
408.000000 5.426736
420.000000 2.460000
432.000000 14.669961
448.000000 7.110082
460.000000 6.720000
472.000000 5.231521
484.000000 13.466195
496.000000 8.569588
508.000000 1.773123
520.000000 0.896000
532.000000 2.498868
544.000000 69.664908
556.000000 7.073145
568.000000 1.771193
580.000000 11.280000
592.000000 11.698017
604.000000 9.494775
616.000000 39.772550
628.000000 12.570942
640.000000 2.076000
652.000000 3.389070
664.000000 2.162547
676.000000 1.348414
688.000000 2.600509
700.000000 1.356000
712.000000 4.525341
724.000000 0.304647
736.000000 0.218865
748.000000 0.246691
760.000000 0.326000
772.000000 0.152180
388.000000 0.526734
400.000000 1.298000
412.000000 1.667098
424.000000 3.254158
436.000000 31.857330
448.000000 7.110082
460.000000 6.720000
472.000000 5.231521
484.000000 13.466195
500.000000 4.720000
512.000000 1.372353
524.000000 0.841729
536.000000 8.290388
548.000000 46.509122
560.000000 2.831000
572.000000 2.624557
584.000000 14.427690
596.000000 9.512865
608.000000 39.533900
620.000000 13.180000
632.000000 9.791809
644.000000 2.320217
656.000000 2.965580
668.000000 1.635953
680.000000 1.466000
692.000000 2.358664
704.000000 3.917568
716.000000 2.330746
728.000000 0.249820
740.000000 0.246000
752.000000 0.246000
764.000000 0.271729
776.000000 0.123135
381.000000 0.884026
393.000000 0.409094
405.000000 12.680000
417.000000 2.026715
429.000000 4.387230
441.000000 11.635640
453.000000 7.147184
465.000000 6.133000
481.000000 6.486805
493.000000 11.043421
505.000000 2.336000
517.000000 1.079262
529.000000 1.152578
541.000000 42.765093
553.000000 16.189035
565.000000 1.961000
577.000000 6.797271
589.000000 12.923848
601.000000 7.561225
613.000000 46.964287
625.000000 13.160000
637.000000 4.065706
649.000000 3.467591
661.000000 2.464948
673.000000 1.408553
685.000000 1.946000
697.000000 1.284004
709.000000 5.452503
721.000000 0.547353
733.000000 0.222910
745.000000 0.248000
757.000000 0.273639
769.000000 0.175549
388.000000 0.526734
400.000000 1.298000
412.000000 1.667098
424.000000 3.254158
436.000000 31.857330
448.000000 7.110082
460.000000 6.720000
472.000000 5.231521
484.000000 13.466195
496.000000 8.569588
508.000000 1.773123
520.000000 0.896000
532.000000 2.498868
544.000000 69.664908
556.000000 7.073145
568.000000 1.771193
580.000000 11.280000
592.000000 11.698017
604.000000 9.494775
616.000000 39.772550
628.000000 12.570942
640.000000 2.076000
652.000000 3.389070
664.000000 2.162547
676.000000 1.348414
688.000000 2.600509
700.000000 1.356000
712.000000 4.525341
728.000000 0.249820
740.000000 0.246000
752.000000 0.246000
764.000000 0.271729
776.000000 0.123135
389.000000 0.484234
401.000000 2.384884
413.000000 1.728902
425.000000 3.338000
437.000000 26.404830
449.000000 7.170082
461.000000 6.663946
473.000000 5.024479
485.000000 14.290000
497.000000 7.505588
509.000000 1.558123
521.000000 0.890271
533.000000 3.673132
545.000000 72.840000
557.000000 5.900645
569.000000 1.698693
581.000000 11.612310
593.000000 10.774983
605.000000 9.723000
617.000000 32.422550
629.000000 12.345942
641.000000 2.101783
653.000000 3.212930
665.000000 2.017000
681.000000 1.511836
693.000000 1.833335
705.000000 4.188000
717.000000 1.845746
729.000000 0.239820
741.000000 0.246191
753.000000 0.246000
765.000000 0.266000
777.000000 0.115635
394.000000 0.386594
414.000000 1.778902
434.000000 31.128539
454.000000 7.129684
474.000000 4.856979
494.000000 9.547421
514.000000 1.204647
534.000000 4.623132
554.000000 9.916786
574.000000 4.167443
594.000000 10.028233
614.000000 43.791787
634.000000 5.798191
654.000000 3.070430
674.000000 1.356053
694.000000 1.408336
714.000000 2.809159
734.000000 0.217910
754.000000 0.246000
774.000000 0.129820
387.000000 0.579266
398.000000 0.980148
409.000000 2.656237
446.000000 6.975918
457.000000 6.983767
468.000000 5.694479
479.000000 5.579922
490.000000 14.960000
501.000000 4.492348
512.000000 1.372353
523.000000 0.856729
534.000000 4.623132
545.000000 72.840000
556.000000 7.073145
567.000000 1.860807
578.000000 8.913729
589.000000 12.923848
600.000000 7.333000
611.000000 54.058213
622.000000 13.173090
633.000000 7.584191
644.000000 2.320217
655.000000 3.016000
666.000000 1.871453
677.000000 1.380914
688.000000 2.600509
699.000000 1.345496
710.000000 5.586000
721.000000 0.547353
732.000000 0.229090
743.000000 0.247309
754.000000 0.246000
765.000000 0.266000
776.000000 0.123135
390.000000 0.463497
401.000000 0.706412
412.000000 0.779526
423.000000 0.774256
434.000000 0.805866
445.000000 0.941851
456.000000 0.996929
467.000000 0.983438
478.000000 0.982405
489.000000 0.926477
500.000000 0.928693
511.000000 0.913894
522.000000 0.893896
533.000000 0.905094
544.000000 0.884712
555.000000 0.865874
566.000000 0.831692
577.000000 0.814632
588.000000 0.763383
599.000000 0.763480
610.000000 0.760611
621.000000 0.742699
632.000000 0.707717
643.000000 0.700248
654.000000 0.679885
665.000000 0.689728
676.000000 0.680043
687.000000 0.615572
698.000000 0.605024
709.000000 0.629636
720.000000 0.522920
731.000000 0.593379
742.000000 0.593379
753.000000 0.593379
385.000000 0.443973
396.000000 0.594622
407.000000 0.752571
418.000000 0.790083
429.000000 0.738709
440.000000 0.890492
451.000000 0.993533
462.000000 0.995747
473.000000 0.978160
484.000000 0.956613
495.000000 0.926146
506.000000 0.921253
517.000000 0.897978
528.000000 0.910009
539.000000 0.887585
550.000000 0.882852
561.000000 0.847397
572.000000 0.816754
583.000000 0.793519
594.000000 0.757962
605.000000 0.762309
616.000000 0.751777
627.000000 0.719354
638.000000 0.709940
649.000000 0.680617
660.000000 0.680815
671.000000 0.697021
708.000000 0.626771
719.000000 0.528068
730.000000 0.593379
741.000000 0.593379
752.000000 0.593379
763.000000 0.593379
774.000000 0.593379
399.000000 0.691456
410.000000 0.776740
421.000000 0.790154
432.000000 0.762682
443.000000 0.924107
454.000000 0.996280
465.000000 0.987691
476.000000 0.980032
487.000000 0.943323
498.000000 0.927813
509.000000 0.915759
520.000000 0.889643
531.000000 0.912924
542.000000 0.885661
553.000000 0.871740
564.000000 0.834692
575.000000 0.815365
586.000000 0.780229
597.000000 0.760395
608.000000 0.761198
619.000000 0.745252
630.000000 0.707131
641.000000 0.709027
652.000000 0.679410
663.000000 0.686649
674.000000 0.683285
685.000000 0.628183
696.000000 0.600515
707.000000 0.623229
718.000000 0.541544
729.000000 0.590015
740.000000 0.593379
751.000000 0.593379
762.000000 0.593379
387.000000 0.052337
398.000000 0.065890
409.000000 0.081130
420.000000 0.097122
431.000000 0.115020
442.000000 0.136234
453.000000 0.160135
464.000000 0.185370
475.000000 0.210624
486.000000 0.237433
497.000000 0.267860
508.000000 0.300660
519.000000 0.334026
530.000000 0.366139
541.000000 0.399225
552.000000 0.435543
563.000000 0.473548
574.000000 0.511079
585.000000 0.546363
596.000000 0.581800
607.000000 0.619846
618.000000 0.658735
629.000000 0.696355
640.000000 0.730983
651.000000 0.765142
662.000000 0.801136
673.000000 0.837325
684.000000 0.871681
695.000000 0.902832
706.000000 0.933053
743.000000 0.842274
754.000000 0.531395
765.000000 0.206107
776.000000 0.015708
