382.000000 0.019482
394.000000 0.024136
406.000000 0.026558
418.000000 0.026890
430.000000 0.026900
442.000000 0.027019
454.000000 0.027304
466.000000 0.027500
478.000000 0.027681
490.000000 0.028100
502.000000 0.030087
514.000000 0.037118
526.000000 0.043729
538.000000 0.046066
550.000000 0.049400
562.000000 0.057722
574.000000 0.074793
586.000000 0.095279
598.000000 0.113082
610.000000 0.125500
622.000000 0.132229
634.000000 0.134745
646.000000 0.135924
658.000000 0.137105
670.000000 0.137600
682.000000 0.138148
694.000000 0.138773
706.000000 0.139362
718.000000 0.139590
734.000000 0.137702
746.000000 0.107431
758.000000 0.056843
770.000000 0.013359
387.000000 0.022276
399.000000 0.026027
411.000000 0.026802
423.000000 0.026900
435.000000 0.026950
447.000000 0.027159
459.000000 0.027493
471.000000 0.027505
483.000000 0.027782
495.000000 0.028850
507.000000 0.033649
519.000000 0.041529
531.000000 0.044834
543.000000 0.046860
559.000000 0.056326
571.000000 0.069689
583.000000 0.088374
595.000000 0.107500
607.000000 0.123212
619.000000 0.131841
631.000000 0.134424
643.000000 0.135565
655.000000 0.136700
667.000000 0.137518
679.000000 0.138088
691.000000 0.138612
703.000000 0.139182
715.000000 0.139550
727.000000 0.139838
739.000000 0.129011
751.000000 0.087346
763.000000 0.036251
775.000000 0.003424
387.000000 0.022276
399.000000 0.026027
411.000000 0.026802
423.000000 0.026900
435.000000 0.026950
447.000000 0.027159
459.000000 0.027493
471.000000 0.027505
483.000000 0.027782
495.000000 0.028850
507.000000 0.033649
519.000000 0.041529
531.000000 0.044834
543.000000 0.046860
555.000000 0.052950
567.000000 0.066662
579.000000 0.084811
591.000000 0.100938
603.000000 0.116688
615.000000 0.128750
627.000000 0.133905
639.000000 0.135376
651.000000 0.136224
663.000000 0.137282
675.000000 0.137850
687.000000 0.138497
699.000000 0.139088
711.000000 0.139502
727.000000 0.139838
739.000000 0.129011
751.000000 0.087346
763.000000 0.036251
775.000000 0.003424
384.000000 0.020482
396.000000 0.025064
408.000000 0.026733
420.000000 0.026900
432.000000 0.026910
444.000000 0.027069
456.000000 0.027396
468.000000 0.027500
480.000000 0.027700
492.000000 0.028243
504.000000 0.031362
516.000000 0.039282
528.000000 0.044504
540.000000 0.046200
552.000000 0.050078
564.000000 0.060922
576.000000 0.079707
592.000000 0.101918
604.000000 0.118235
616.000000 0.129754
628.000000 0.134171
640.000000 0.135400
652.000000 0.136295
664.000000 0.137338
676.000000 0.137927
688.000000 0.138552
700.000000 0.139100
712.000000 0.139510
724.000000 0.139704
736.000000 0.134988
748.000000 0.099733
760.000000 0.048334
772.000000 0.008652
384.000000 0.020482
396.000000 0.025064
408.000000 0.026733
420.000000 0.026900
432.000000 0.026910
448.000000 0.027181
460.000000 0.027500
472.000000 0.027519
484.000000 0.027838
496.000000 0.029082
508.000000 0.034213
520.000000 0.041700
532.000000 0.044934
544.000000 0.047306
556.000000 0.054047
568.000000 0.068078
580.000000 0.085200
592.000000 0.101918
604.000000 0.118235
616.000000 0.129754
628.000000 0.134171
640.000000 0.135400
652.000000 0.136295
664.000000 0.137338
676.000000 0.137927
688.000000 0.138552
700.000000 0.139100
712.000000 0.139510
724.000000 0.139704
736.000000 0.134988
748.000000 0.099733
760.000000 0.048334
772.000000 0.008652
388.000000 0.022718
400.000000 0.026100
412.000000 0.026810
424.000000 0.026900
436.000000 0.026965
448.000000 0.027181
460.000000 0.027500
472.000000 0.027519
484.000000 0.027838
500.000000 0.029600
512.000000 0.035368
524.000000 0.042771
536.000000 0.045716
548.000000 0.049094
560.000000 0.056500
572.000000 0.070818
584.000000 0.090521
596.000000 0.109632
608.000000 0.124440
620.000000 0.132000
632.000000 0.134495
644.000000 0.135676
656.000000 0.136855
668.000000 0.137562
680.000000 0.138100
692.000000 0.138648
704.000000 0.139238
716.000000 0.139565
728.000000 0.139871
740.000000 0.126541
752.000000 0.083057
764.000000 0.032469
776.000000 0.002198
381.000000 0.019198
393.000000 0.023718
405.000000 0.026450
417.000000 0.026879
429.000000 0.026900
441.000000 0.027005
453.000000 0.027262
465.000000 0.027500
481.000000 0.027710
493.000000 0.028409
505.000000 0.032150
517.000000 0.040257
529.000000 0.044724
541.000000 0.046278
553.000000 0.050863
565.000000 0.062900
577.000000 0.081923
589.000000 0.100223
601.000000 0.114672
613.000000 0.126840
625.000000 0.133200
637.000000 0.135194
649.000000 0.136180
661.000000 0.137210
673.000000 0.137703
685.000000 0.138350
697.000000 0.138997
709.000000 0.139490
721.000000 0.139607
733.000000 0.138661
745.000000 0.111066
757.000000 0.061183
769.000000 0.016053
388.000000 0.022718
400.000000 0.026100
412.000000 0.026810
424.000000 0.026900
436.000000 0.026965
448.000000 0.027181
460.000000 0.027500
472.000000 0.027519
484.000000 0.027838
496.000000 0.029082
508.000000 0.034213
520.000000 0.041700
532.000000 0.044934
544.000000 0.047306
556.000000 0.054047
568.000000 0.068078
580.000000 0.085200
592.000000 0.101918
604.000000 0.118235
616.000000 0.129754
628.000000 0.134171
640.000000 0.135400
652.000000 0.136295
664.000000 0.137338
676.000000 0.137927
688.000000 0.138552
700.000000 0.139100
712.000000 0.139510
728.000000 0.139871
740.000000 0.126541
752.000000 0.083057
764.000000 0.032469
776.000000 0.002198
389.000000 0.023002
401.000000 0.026117
413.000000 0.026821
425.000000 0.026900
437.000000 0.026979
449.000000 0.027195
461.000000 0.027500
473.000000 0.027541
485.000000 0.027900
497.000000 0.029291
509.000000 0.034575
521.000000 0.041776
533.000000 0.045089
545.000000 0.047800
557.000000 0.055037
569.000000 0.068987
581.000000 0.085577
593.000000 0.103444
605.000000 0.119950
617.000000 0.130660
629.000000 0.134341
641.000000 0.135420
653.000000 0.136406
665.000000 0.137400
681.000000 0.138112
693.000000 0.138703
705.000000 0.139300
717.000000 0.139579
729.000000 0.139893
741.000000 0.123847
753.000000 0.078717
765.000000 0.028834
777.000000 0.001239
394.000000 0.275542
414.000000 0.731250
434.000000 0.903586
454.000000 0.915444
474.000000 0.918400
494.000000 0.918993
514.000000 0.917962
534.000000 0.915726
554.000000 0.917453
574.000000 0.913525
594.000000 0.909167
614.000000 0.904924
634.000000 0.904018
654.000000 0.908002
674.000000 0.905874
694.000000 0.904438
714.000000 0.904927
734.000000 0.893146
754.000000 0.482188
774.000000 0.031860
387.000000 0.192532
398.000000 0.383208
409.000000 0.662651
446.000000 0.912749
457.000000 0.917058
468.000000 0.918343
479.000000 0.918400
490.000000 0.919200
501.000000 0.918588
512.000000 0.918062
523.000000 0.917144
534.000000 0.915726
545.000000 0.917950
556.000000 0.916247
567.000000 0.914741
578.000000 0.911625
589.000000 0.910129
600.000000 0.907400
611.000000 0.905180
622.000000 0.904314
633.000000 0.903809
644.000000 0.905691
655.000000 0.908450
666.000000 0.907740
677.000000 0.904933
688.000000 0.904319
699.000000 0.904690
710.000000 0.905100
721.000000 0.904669
732.000000 0.903822
743.000000 0.764279
754.000000 0.482188
765.000000 0.187022
776.000000 0.014254
390.000000 0.209000
401.000000 0.408149
412.000000 0.686350
423.000000 0.859394
434.000000 0.903586
445.000000 0.912100
456.000000 0.916556
467.000000 0.918276
478.000000 0.918400
489.000000 0.919180
500.000000 0.918600
511.000000 0.918090
522.000000 0.917442
533.000000 0.915433
544.000000 0.917687
555.000000 0.916850
566.000000 0.914769
577.000000 0.912001
588.000000 0.910215
599.000000 0.907466
610.000000 0.905200
621.000000 0.904378
632.000000 0.903643
643.000000 0.905412
654.000000 0.908002
665.000000 0.908250
676.000000 0.905226
687.000000 0.904341
698.000000 0.904662
709.000000 0.905090
720.000000 0.904600
731.000000 0.906505
742.000000 0.784433
753.000000 0.510564
385.000000 0.169050
396.000000 0.335058
407.000000 0.614046
418.000000 0.831650
429.000000 0.898942
440.000000 0.910000
451.000000 0.914288
462.000000 0.917857
473.000000 0.918400
484.000000 0.918676
495.000000 0.918900
506.000000 0.918273
517.000000 0.917782
528.000000 0.915258
539.000000 0.917049
550.000000 0.918800
561.000000 0.914895
572.000000 0.914375
583.000000 0.911053
594.000000 0.909167
605.000000 0.906300
616.000000 0.904676
627.000000 0.903685
638.000000 0.904857
649.000000 0.906951
660.000000 0.909900
671.000000 0.906549
708.000000 0.905062
719.000000 0.904612
730.000000 0.907400
741.000000 0.803282
752.000000 0.538715
763.000000 0.235128
774.000000 0.031860
399.000000 0.396887
410.000000 0.669200
421.000000 0.850058
432.000000 0.901136
443.000000 0.910866
454.000000 0.915444
465.000000 0.918100
476.000000 0.918400
487.000000 0.919035
498.000000 0.918657
509.000000 0.918112
520.000000 0.917700
531.000000 0.915051
542.000000 0.917262
553.000000 0.917996
564.000000 0.914831
575.000000 0.913000
586.000000 0.910515
597.000000 0.907956
608.000000 0.905410
619.000000 0.904420
630.000000 0.903500
641.000000 0.905049
652.000000 0.907277
663.000000 0.909220
674.000000 0.905874
685.000000 0.904400
696.000000 0.904562
707.000000 0.905018
718.000000 0.904648
729.000000 0.907331
740.000000 0.820751
751.000000 0.566531
762.000000 0.260524
387.000000 0.022276
398.000000 0.025814
409.000000 0.026783
420.000000 0.026900
431.000000 0.026902
442.000000 0.027019
453.000000 0.027262
464.000000 0.027500
475.000000 0.027600
486.000000 0.027962
497.000000 0.029291
508.000000 0.034213
519.000000 0.041529
530.000000 0.044800
541.000000 0.046278
552.000000 0.050078
563.000000 0.059138
574.000000 0.074793
585.000000 0.092900
596.000000 0.109632
607.000000 0.123212
618.000000 0.131379
629.000000 0.134341
640.000000 0.135400
651.000000 0.136224
662.000000 0.137238
673.000000 0.137703
684.000000 0.138273
695.000000 0.138850
706.000000 0.139362
743.000000 0.117834
754.000000 0.074342
765.000000 0.028834
776.000000 0.002198
397.000000 0.025482
414.000000 0.026835
431.000000 0.026902
448.000000 0.027181
465.000000 0.027500
482.000000 0.027738
499.000000 0.029563
516.000000 0.039282
533.000000 0.045089
550.000000 0.049400
567.000000 0.066662
584.000000 0.090521
601.000000 0.114672
618.000000 0.131379
635.000000 0.134900
652.000000 0.136295
669.000000 0.137590
686.000000 0.138427
703.000000 0.139182
729.000000 0.139893
746.000000 0.107431
763.000000 0.036251
780.000000 0.000000
