383.000000 0.014584
384.000000 0.013599
398.000000 0.025301
410.000000 0.042826
414.000000 0.047736
428.000000 0.110215
432.000000 0.394762
470.000000 0.150232
474.000000 0.133903
486.000000 0.401363
488.000000 0.413309
500.000000 0.139712
521.000000 0.037192
522.000000 0.036758
529.000000 0.051548
548.000000 2.283339
571.000000 0.134818
572.000000 0.185867
580.000000 0.961056
593.000000 1.114610
621.000000 1.740282
637.000000 0.549659
648.000000 0.429823
666.000000 0.257253
667.000000 0.239302
713.000000 0.499018
715.000000 0.351108
724.000000 0.042560
734.000000 0.030007
734.000000 0.030007
743.000000 0.029141
762.000000 0.012262
772.000000 0.001317
397.000000 0.017731
400.000000 0.033878
403.000000 0.229575
419.000000 0.064468
428.000000 0.110215
429.000000 0.118016
430.000000 0.120996
448.000000 0.193258
507.000000 0.068606
515.000000 0.044923
518.000000 0.040734
534.000000 0.209352
538.000000 1.273025
540.000000 1.829058
559.000000 0.184686
576.000000 0.405310
583.000000 1.198148
616.000000 5.160660
618.000000 3.066058
620.000000 1.739760
633.000000 1.020878
645.000000 0.318587
687.000000 0.317365
698.000000 0.183270
698.000000 0.183270
705.000000 0.583388
708.000000 0.711674
725.000000 0.038571
726.000000 0.038050
741.000000 0.030490
751.000000 0.021487
757.000000 0.016742
778.000000 0.000059
384.000000 0.013599
389.000000 0.011138
410.000000 0.042826
415.000000 0.048276
427.000000 0.100573
432.000000 0.394762
444.000000 0.201593
455.000000 0.194814
487.000000 0.406856
543.000000 2.874946
551.000000 1.497832
561.000000 0.156118
566.000000 0.125429
567.000000 0.124045
569.000000 0.117187
579.000000 0.901199
584.000000 1.306003
589.000000 1.295269
593.000000 1.114610
595.000000 1.047372
602.000000 0.942006
610.000000 6.936385
622.000000 1.741867
625.000000 1.752912
637.000000 0.549659
668.000000 0.225045
669.000000 0.215886
673.000000 0.193962
682.000000 0.225434
715.000000 0.351108
727.000000 0.036663
736.000000 0.029544
774.000000 0.000638
384.000000 0.013599
388.000000 0.011966
389.000000 0.011138
390.000000 0.010811
435.000000 0.914683
438.000000 0.530772
442.000000 0.279415
447.000000 0.191087
460.000000 0.184800
484.000000 0.374875
487.000000 0.406856
498.000000 0.182349
538.000000 1.273025
554.000000 0.514215
592.000000 1.192236
592.000000 1.192236
605.000000 1.166274
611.000000 6.792905
614.000000 5.594212
638.000000 0.423002
666.000000 0.257253
686.000000 0.282598
693.000000 0.254289
698.000000 0.183270
702.000000 0.324809
728.000000 0.034943
731.000000 0.032717
734.000000 0.030007
744.000000 0.028384
749.000000 0.023561
752.000000 0.020432
752.000000 0.020432
755.000000 0.017208
387.000000 0.012903
392.000000 0.010218
394.000000 0.009331
396.000000 0.011676
400.000000 0.033878
410.000000 0.042826
411.000000 0.043342
418.000000 0.060000
432.000000 0.394762
435.000000 0.914683
448.000000 0.193258
458.000000 0.188432
473.000000 0.138380
482.000000 0.239757
498.000000 0.182349
511.000000 0.050471
517.000000 0.043448
523.000000 0.036273
523.000000 0.036273
536.000000 0.379006
559.000000 0.184686
585.000000 1.371204
622.000000 1.741867
636.000000 0.651733
641.000000 0.284623
689.000000 0.395046
701.000000 0.226253
706.000000 0.602252
712.000000 0.631328
720.000000 0.080410
730.000000 0.033016
759.000000 0.016731
763.000000 0.010394
385.000000 0.013462
394.000000 0.009331
394.000000 0.009331
400.000000 0.033878
405.000000 0.335386
411.000000 0.043342
413.000000 0.046370
423.000000 0.081632
443.000000 0.236384
453.000000 0.194845
457.000000 0.191622
460.000000 0.184800
464.000000 0.170199
468.000000 0.156598
475.000000 0.132287
497.000000 0.219845
500.000000 0.139712
511.000000 0.050471
512.000000 0.048538
532.000000 0.112283
537.000000 0.777804
570.000000 0.115800
574.000000 0.311697
607.000000 3.136872
624.000000 1.748286
629.000000 1.658570
641.000000 0.284623
644.000000 0.314799
717.000000 0.257628
739.000000 0.031367
748.000000 0.024603
760.000000 0.015757
768.000000 0.003802
397.000000 0.017731
405.000000 0.335386
412.000000 0.044694
415.000000 0.048276
428.000000 0.110215
431.000000 0.196642
434.000000 0.838433
460.000000 0.184800
472.000000 0.143967
481.000000 0.179748
510.000000 0.051217
528.000000 0.047400
576.000000 0.405310
576.000000 0.405310
599.000000 0.862668
608.000000 4.919600
620.000000 1.739760
649.000000 0.472218
672.000000 0.202817
672.000000 0.202817
684.000000 0.262741
684.000000 0.262741
691.000000 0.385850
692.000000 0.327024
702.000000 0.324809
720.000000 0.080410
720.000000 0.080410
727.000000 0.036663
735.000000 0.029479
736.000000 0.029544
768.000000 0.003802
776.000000 0.000271
779.000000 0.000014
396.000000 0.011676
432.000000 0.394762
450.000000 0.195650
473.000000 0.138380
496.000000 0.249219
499.000000 0.151554
499.000000 0.151554
504.000000 0.080401
506.000000 0.074238
518.000000 0.040734
519.000000 0.038320
533.000000 0.165616
563.000000 0.133746
565.000000 0.123347
574.000000 0.311697
583.000000 1.198148
593.000000 1.114610
614.000000 5.594212
635.000000 0.690148
656.000000 0.405853
661.000000 0.338215
669.000000 0.215886
669.000000 0.215886
685.000000 0.269229
711.000000 0.738364
716.000000 0.325292
728.000000 0.034943
733.000000 0.030909
757.000000 0.016742
761.000000 0.014156
763.000000 0.010394
764.000000 0.008823
779.000000 0.000014
394.000000 0.009331
404.000000 0.305384
430.000000 0.120996
451.000000 0.195521
462.000000 0.179223
475.000000 0.132287
483.000000 0.314204
525.000000 0.036157
530.000000 0.053133
531.000000 0.069442
563.000000 0.133746
569.000000 0.117187
573.000000 0.252383
577.000000 0.556852
596.000000 1.042917
614.000000 5.594212
623.000000 1.744545
637.000000 0.549659
639.000000 0.320338
648.000000 0.429823
653.000000 0.438263
655.000000 0.412287
665.000000 0.277136
670.000000 0.212730
676.000000 0.185983
687.000000 0.317365
693.000000 0.254289
710.000000 0.779247
713.000000 0.499018
714.000000 0.391975
739.000000 0.031367
759.000000 0.016731
766.000000 0.006504
384.000000 0.013599
411.000000 0.043342
418.000000 0.060000
421.000000 0.068429
437.000000 0.712386
442.000000 0.279415
489.000000 0.418432
493.000000 0.313734
497.000000 0.219845
497.000000 0.219845
524.000000 0.036002
525.000000 0.036157
540.000000 1.829058
544.000000 3.295538
554.000000 0.514215
556.000000 0.382282
558.000000 0.248484
572.000000 0.185867
584.000000 1.306003
587.000000 1.369677
595.000000 1.047372
599.000000 0.862668
606.000000 1.712113
626.000000 1.746313
633.000000 1.020878
646.000000 0.334971
703.000000 0.446716
706.000000 0.602252
721.000000 0.076414
724.000000 0.042560
751.000000 0.021487
752.000000 0.020432
773.000000 0.000931
409.000000 0.071142
410.000000 0.042826
421.000000 0.068429
427.000000 0.100573
428.000000 0.110215
452.000000 0.195197
454.000000 0.194666
471.000000 0.148499
523.000000 0.036273
526.000000 0.038019
565.000000 0.123347
587.000000 1.369677
587.000000 1.369677
602.000000 0.942006
603.000000 1.038203
617.000000 4.236340
623.000000 1.744545
629.000000 1.658570
646.000000 0.334971
665.000000 0.277136
678.000000 0.196184
679.000000 0.200722
681.000000 0.208803
684.000000 0.262741
720.000000 0.080410
720.000000 0.080410
725.000000 0.038571
732.000000 0.031923
746.000000 0.026622
746.000000 0.026622
750.000000 0.022525
757.000000 0.016742
780.000000 0.000000
381.000000 0.115856
387.000000 0.111527
410.000000 1.069382
411.000000 1.089270
417.000000 1.645253
419.000000 2.023857
458.000000 6.293046
480.000000 5.200899
486.000000 13.190210
518.000000 0.911073
542.000000 46.851552
570.000000 1.528464
594.000000 9.117340
612.000000 46.057860
656.000000 2.695410
708.000000 4.618533
735.000000 0.191202
738.000000 0.200592
758.000000 0.110001
764.000000 0.057225
412.000000 1.144213
414.000000 1.300822
415.000000 1.364682
440.000000 11.038300
445.000000 6.341831
446.000000 6.367262
450.000000 6.575841
454.000000 6.526825
459.000000 6.202340
479.000000 5.124601
480.000000 5.200899
527.000000 0.876116
549.000000 33.490235
558.000000 4.074202
558.000000 4.074202
558.000000 4.074202
569.000000 1.553802
571.000000 1.769378
574.000000 3.807065
581.000000 10.581957
600.000000 6.653964
604.000000 8.608342
619.000000 14.459363
639.000000 2.141409
641.000000 1.902216
677.000000 1.249634
680.000000 1.325997
683.000000 1.610085
708.000000 4.618533
718.000000 1.127420
725.000000 0.250056
725.000000 0.250056
726.000000 0.246713
733.000000 0.200477
390.000000 0.096871
398.000000 0.253505
408.000000 0.491735
425.000000 0.668495
428.000000 0.667725
429.000000 0.664056
435.000000 0.736066
437.000000 0.762641
445.000000 0.859062
447.000000 0.876431
448.000000 0.891379
455.000000 0.912890
459.000000 0.917414
492.000000 0.849728
502.000000 0.850898
505.000000 0.846628
533.000000 0.828553
553.000000 0.800254
559.000000 0.778220
572.000000 0.746820
597.000000 0.690406
605.000000 0.690881
610.000000 0.688505
612.000000 0.685925
622.000000 0.667411
623.000000 0.662119
638.000000 0.642394
639.000000 0.642854
641.000000 0.641704
663.000000 0.624315
690.000000 0.535057
706.000000 0.561406
726.000000 0.508974
754.000000 0.286120
424.000000 0.664777
482.000000 0.894099
487.000000 0.866947
492.000000 0.849728
509.000000 0.840769
509.000000 0.840769
518.000000 0.820497
520.000000 0.816426
522.000000 0.820098
543.000000 0.812069
552.000000 0.805449
557.000000 0.787513
578.000000 0.742041
582.000000 0.731528
583.000000 0.722937
585.000000 0.713176
594.000000 0.689114
600.000000 0.693260
628.000000 0.644784
631.000000 0.639065
632.000000 0.639524
641.000000 0.641704
642.000000 0.638251
668.000000 0.630816
671.000000 0.631883
672.000000 0.627932
706.000000 0.561406
707.000000 0.564033
708.000000 0.567266
719.000000 0.477696
740.000000 0.487016
740.000000 0.487016
742.000000 0.465466
758.000000 0.218770
390.000000 0.096871
392.000000 0.114799
399.000000 0.274430
409.000000 0.512371
414.000000 0.573326
431.000000 0.669360
433.000000 0.709644
442.000000 0.826859
447.000000 0.876431
468.000000 0.899640
476.000000 0.900061
485.000000 0.876292
488.000000 0.858472
510.000000 0.840163
514.000000 0.829464
538.000000 0.817037
542.000000 0.812384
551.000000 0.809591
573.000000 0.745913
576.000000 0.743815
578.000000 0.742041
596.000000 0.689439
615.000000 0.680904
657.000000 0.618561
668.000000 0.630816
669.000000 0.632673
687.000000 0.556687
696.000000 0.543203
699.000000 0.549183
710.000000 0.570874
715.000000 0.521940
719.000000 0.477696
749.000000 0.368321
767.000000 0.084925
387.000000 0.001166
399.000000 0.001756
403.000000 0.001901
413.000000 0.002325
445.000000 0.003868
449.000000 0.004137
485.000000 0.006589
486.000000 0.006639
497.000000 0.007846
509.000000 0.010521
510.000000 0.010607
520.000000 0.013989
524.000000 0.014937
524.000000 0.014937
526.000000 0.015400
541.000000 0.018475
556.000000 0.024203
587.000000 0.053798
592.000000 0.058002
607.000000 0.076373
625.000000 0.090748
658.000000 0.108334
661.000000 0.109381
662.000000 0.109947
663.000000 0.110653
671.000000 0.114034
677.000000 0.117017
718.000000 0.135212
732.000000 0.138799
739.000000 0.118969
740.000000 0.114457
743.000000 0.099249
749.000000 0.065465
779.000000 0.000000
