382.000000 0.015898
394.000000 0.009331
406.000000 0.308653
418.000000 0.060000
430.000000 0.120996
442.000000 0.279415
454.000000 0.194666
466.000000 0.166898
478.000000 0.148437
490.000000 0.420376
502.000000 0.117229
514.000000 0.044715
526.000000 0.038019
538.000000 1.273025
550.000000 1.610934
562.000000 0.146062
574.000000 0.311697
586.000000 1.387855
598.000000 0.923388
610.000000 6.936385
622.000000 1.741867
634.000000 0.781280
646.000000 0.334971
658.000000 0.366127
670.000000 0.212730
682.000000 0.225434
694.000000 0.195439
706.000000 0.602252
718.000000 0.173965
734.000000 0.030007
746.000000 0.026622
758.000000 0.016960
770.000000 0.002218
387.000000 0.012903
399.000000 0.031496
411.000000 0.043342
423.000000 0.081632
435.000000 0.914683
447.000000 0.191087
459.000000 0.185809
471.000000 0.148499
483.000000 0.314204
495.000000 0.258958
507.000000 0.068606
519.000000 0.038320
531.000000 0.069442
543.000000 2.874946
559.000000 0.184686
571.000000 0.134818
583.000000 1.198148
595.000000 1.047372
607.000000 3.136872
619.000000 2.107800
631.000000 1.556341
643.000000 0.305389
655.000000 0.412287
667.000000 0.239302
679.000000 0.200722
691.000000 0.385850
703.000000 0.446716
715.000000 0.351108
727.000000 0.036663
739.000000 0.031367
751.000000 0.021487
763.000000 0.010394
775.000000 0.000431
387.000000 0.012903
399.000000 0.031496
411.000000 0.043342
423.000000 0.081632
435.000000 0.914683
447.000000 0.191087
459.000000 0.185809
471.000000 0.148499
483.000000 0.314204
495.000000 0.258958
507.000000 0.068606
519.000000 0.038320
531.000000 0.069442
543.000000 2.874946
555.000000 0.398237
567.000000 0.124045
579.000000 0.901199
591.000000 1.256146
603.000000 1.038203
615.000000 5.482175
627.000000 1.720557
639.000000 0.320338
651.000000 0.481086
663.000000 0.314905
675.000000 0.184168
687.000000 0.317365
699.000000 0.187142
711.000000 0.738364
727.000000 0.036663
739.000000 0.031367
751.000000 0.021487
763.000000 0.010394
775.000000 0.000431
384.000000 0.013599
396.000000 0.011676
408.000000 0.145074
420.000000 0.066174
432.000000 0.394762
444.000000 0.201593
456.000000 0.194090
468.000000 0.156598
480.000000 0.156865
492.000000 0.364128
504.000000 0.080401
516.000000 0.045145
528.000000 0.047400
540.000000 1.829058
552.000000 1.198965
564.000000 0.124530
576.000000 0.405310
592.000000 1.192236
604.000000 1.122614
616.000000 5.160660
628.000000 1.686654
640.000000 0.281090
652.000000 0.461915
664.000000 0.297000
676.000000 0.185983
688.000000 0.360306
700.000000 0.188620
712.000000 0.631328
724.000000 0.042560
736.000000 0.029544
748.000000 0.024603
760.000000 0.015757
772.000000 0.001317
384.000000 0.013599
396.000000 0.011676
408.000000 0.145074
420.000000 0.066174
432.000000 0.394762
448.000000 0.193258
460.000000 0.184800
472.000000 0.143967
484.000000 0.374875
496.000000 0.249219
508.000000 0.060664
520.000000 0.037363
532.000000 0.112283
544.000000 3.295538
556.000000 0.382282
568.000000 0.120579
580.000000 0.961056
592.000000 1.192236
604.000000 1.122614
616.000000 5.160660
628.000000 1.686654
640.000000 0.281090
652.000000 0.461915
664.000000 0.297000
676.000000 0.185983
688.000000 0.360306
700.000000 0.188620
712.000000 0.631328
724.000000 0.042560
736.000000 0.029544
748.000000 0.024603
760.000000 0.015757
772.000000 0.001317
388.000000 0.011966
400.000000 0.033878
412.000000 0.044694
424.000000 0.087537
436.000000 0.859047
448.000000 0.193258
460.000000 0.184800
472.000000 0.143967
484.000000 0.374875
500.000000 0.139712
512.000000 0.048538
524.000000 0.036002
536.000000 0.379006
548.000000 2.283339
560.000000 0.159951
572.000000 0.185867
584.000000 1.306003
596.000000 1.042917
608.000000 4.919600
620.000000 1.739760
632.000000 1.316954
644.000000 0.314799
656.000000 0.405853
668.000000 0.225045
680.000000 0.202455
692.000000 0.327024
704.000000 0.545475
716.000000 0.325292
728.000000 0.034943
740.000000 0.031129
752.000000 0.020432
764.000000 0.008823
776.000000 0.000271
381.000000 0.016971
393.000000 0.009703
405.000000 0.335386
417.000000 0.054477
429.000000 0.118016
441.000000 0.314219
453.000000 0.194845
465.000000 0.168658
481.000000 0.179748
493.000000 0.313734
505.000000 0.075102
517.000000 0.043448
529.000000 0.051548
541.000000 1.979096
553.000000 0.823429
565.000000 0.123347
577.000000 0.556852
589.000000 1.295269
601.000000 0.867058
613.000000 5.956936
625.000000 1.752912
637.000000 0.549659
649.000000 0.472218
661.000000 0.338215
673.000000 0.193962
685.000000 0.269229
697.000000 0.178473
709.000000 0.760571
721.000000 0.076414
733.000000 0.030909
745.000000 0.027544
757.000000 0.016742
769.000000 0.002818
388.000000 0.011966
400.000000 0.033878
412.000000 0.044694
424.000000 0.087537
436.000000 0.859047
448.000000 0.193258
460.000000 0.184800
472.000000 0.143967
484.000000 0.374875
496.000000 0.249219
508.000000 0.060664
520.000000 0.037363
532.000000 0.112283
544.000000 3.295538
556.000000 0.382282
568.000000 0.120579
580.000000 0.961056
592.000000 1.192236
604.000000 1.122614
616.000000 5.160660
628.000000 1.686654
640.000000 0.281090
652.000000 0.461915
664.000000 0.297000
676.000000 0.185983
688.000000 0.360306
700.000000 0.188620
712.000000 0.631328
728.000000 0.034943
740.000000 0.031129
752.000000 0.020432
764.000000 0.008823
776.000000 0.000271
389.000000 0.011138
401.000000 0.062286
413.000000 0.046370
425.000000 0.089792
437.000000 0.712386
449.000000 0.194991
461.000000 0.183259
473.000000 0.138380
485.000000 0.398691
497.000000 0.219845
509.000000 0.053872
521.000000 0.037192
533.000000 0.165616
545.000000 3.481752
557.000000 0.324752
569.000000 0.117187
581.000000 0.993745
593.000000 1.114610
605.000000 1.166274
617.000000 4.236340
629.000000 1.658570
641.000000 0.284623
653.000000 0.438263
665.000000 0.277136
681.000000 0.208803
693.000000 0.254289
705.000000 0.583388
717.000000 0.257628
729.000000 0.033549
741.000000 0.030490
753.000000 0.019364
765.000000 0.007670
777.000000 0.000143
394.000000 0.106523
414.000000 1.300822
434.000000 28.127307
454.000000 6.526825
474.000000 4.460650
494.000000 8.774010
514.000000 1.105820
534.000000 4.233520
554.000000 9.098181
574.000000 3.807065
594.000000 9.117340
614.000000 39.628222
634.000000 5.241671
654.000000 2.787956
674.000000 1.228414
694.000000 1.273752
714.000000 2.542084
734.000000 0.194625
754.000000 0.118618
774.000000 0.004136
387.000000 0.111527
398.000000 0.375601
409.000000 1.760159
446.000000 6.367262
457.000000 6.404519
468.000000 5.229484
479.000000 5.124601
490.000000 13.751232
501.000000 4.126616
512.000000 1.259904
523.000000 0.785744
534.000000 4.233520
545.000000 66.863478
556.000000 6.480751
567.000000 1.702157
578.000000 8.125975
589.000000 11.762373
600.000000 6.653964
611.000000 48.932436
622.000000 11.912611
633.000000 6.854661
644.000000 2.101400
655.000000 2.739885
666.000000 1.698793
677.000000 1.249634
688.000000 2.351690
699.000000 1.217257
710.000000 5.055889
721.000000 0.495173
732.000000 0.207057
743.000000 0.189013
754.000000 0.118618
765.000000 0.049748
776.000000 0.001755
390.000000 0.096871
401.000000 0.288321
412.000000 0.535028
423.000000 0.665391
434.000000 0.728169
445.000000 0.859062
456.000000 0.913741
467.000000 0.903068
478.000000 0.902240
489.000000 0.851600
500.000000 0.853097
511.000000 0.839038
522.000000 0.820098
533.000000 0.828553
544.000000 0.811889
555.000000 0.793877
566.000000 0.760806
577.000000 0.742945
588.000000 0.694842
599.000000 0.692832
610.000000 0.688505
621.000000 0.671680
632.000000 0.639524
643.000000 0.634013
654.000000 0.617337
665.000000 0.626446
676.000000 0.615592
687.000000 0.556687
698.000000 0.547342
709.000000 0.569877
720.000000 0.473034
731.000000 0.537901
742.000000 0.465466
753.000000 0.302958
385.000000 0.075054
396.000000 0.199233
407.000000 0.462113
418.000000 0.657072
429.000000 0.664056
440.000000 0.810348
451.000000 0.908375
462.000000 0.913954
473.000000 0.898342
484.000000 0.878818
495.000000 0.851036
506.000000 0.845962
517.000000 0.824148
528.000000 0.832893
539.000000 0.813959
550.000000 0.811165
561.000000 0.775279
572.000000 0.746820
583.000000 0.722937
594.000000 0.689114
605.000000 0.690881
616.000000 0.680115
627.000000 0.650070
638.000000 0.642394
649.000000 0.617286
660.000000 0.619474
671.000000 0.631883
708.000000 0.567266
719.000000 0.477696
730.000000 0.538432
741.000000 0.476650
752.000000 0.319662
763.000000 0.139520
774.000000 0.018905
399.000000 0.274430
410.000000 0.519795
421.000000 0.671676
432.000000 0.687280
443.000000 0.841737
454.000000 0.912038
465.000000 0.906799
476.000000 0.900061
487.000000 0.866947
498.000000 0.852342
509.000000 0.840769
520.000000 0.816426
531.000000 0.835372
542.000000 0.812384
553.000000 0.800254
564.000000 0.763602
575.000000 0.744428
586.000000 0.710410
597.000000 0.690406
608.000000 0.689196
619.000000 0.674021
630.000000 0.638893
641.000000 0.641704
652.000000 0.616413
663.000000 0.624315
674.000000 0.618971
685.000000 0.568129
696.000000 0.543203
707.000000 0.564033
718.000000 0.489906
729.000000 0.535339
740.000000 0.487016
751.000000 0.336167
762.000000 0.154589
387.000000 0.001166
398.000000 0.001701
409.000000 0.002173
420.000000 0.002613
431.000000 0.003094
442.000000 0.003681
453.000000 0.004366
464.000000 0.005098
475.000000 0.005813
486.000000 0.006639
497.000000 0.007846
508.000000 0.010286
519.000000 0.013872
530.000000 0.016403
541.000000 0.018475
552.000000 0.021811
563.000000 0.028005
574.000000 0.038225
585.000000 0.050757
596.000000 0.063784
607.000000 0.076373
618.000000 0.086544
629.000000 0.093549
640.000000 0.098975
651.000000 0.104231
662.000000 0.109947
673.000000 0.115302
684.000000 0.120530
695.000000 0.125358
706.000000 0.130032
743.000000 0.099249
754.000000 0.039505
765.000000 0.005943
776.000000 0.000035
397.000000 0.015914
414.000000 0.021039
431.000000 0.019998
448.000000 0.026514
465.000000 0.027162
482.000000 0.027002
499.000000 0.027448
516.000000 0.035399
533.000000 0.040809
550.000000 0.043613
567.000000 0.055180
584.000000 0.071148
601.000000 0.087591
618.000000 0.098176
635.000000 0.095621
652.000000 0.092601
669.000000 0.096009
686.000000 0.086475
703.000000 0.085640
729.000000 0.082539
746.000000 0.063747
763.000000 0.021511
780.000000 0.000000
