383.000000 0.019924
384.000000 0.020482
398.000000 0.025814
410.000000 0.026800
414.000000 0.026835
428.000000 0.026900
432.000000 0.026910
470.000000 0.027500
474.000000 0.027569
486.000000 0.027962
488.000000 0.028062
500.000000 0.029600
521.000000 0.041776
522.000000 0.041996
529.000000 0.044724
548.000000 0.049094
571.000000 0.069689
572.000000 0.070818
580.000000 0.085200
593.000000 0.103444
621.000000 0.132059
637.000000 0.135194
648.000000 0.136124
666.000000 0.137462
667.000000 0.137518
713.000000 0.139521
715.000000 0.139550
724.000000 0.139704
734.000000 0.137702
734.000000 0.137702
743.000000 0.117834
762.000000 0.040167
772.000000 0.008652
397.000000 0.025482
400.000000 0.026100
403.000000 0.026244
419.000000 0.026898
428.000000 0.026900
429.000000 0.026900
430.000000 0.026900
448.000000 0.027181
507.000000 0.033649
515.000000 0.038200
518.000000 0.041032
534.000000 0.045284
538.000000 0.046066
540.000000 0.046200
559.000000 0.056326
576.000000 0.079707
583.000000 0.088374
616.000000 0.129754
618.000000 0.131379
620.000000 0.132000
633.000000 0.134606
645.000000 0.135800
687.000000 0.138497
698.000000 0.139052
698.000000 0.139052
705.000000 0.139300
708.000000 0.139462
725.000000 0.139750
726.000000 0.139796
741.000000 0.123847
751.000000 0.087346
757.000000 0.061183
778.000000 0.000552
384.000000 0.020482
389.000000 0.023002
410.000000 0.026800
415.000000 0.026850
427.000000 0.026900
432.000000 0.026910
444.000000 0.027069
455.000000 0.027350
487.000000 0.028018
543.000000 0.046860
551.000000 0.049574
561.000000 0.056813
566.000000 0.064878
567.000000 0.066662
569.000000 0.068987
579.000000 0.084811
584.000000 0.090521
589.000000 0.100223
593.000000 0.103444
595.000000 0.107500
602.000000 0.115460
610.000000 0.125500
622.000000 0.132229
625.000000 0.133200
637.000000 0.135194
668.000000 0.137562
669.000000 0.137590
673.000000 0.137703
682.000000 0.138148
715.000000 0.139550
727.000000 0.139838
736.000000 0.134988
774.000000 0.004912
384.000000 0.020482
388.000000 0.022718
389.000000 0.023002
390.000000 0.023100
435.000000 0.026950
438.000000 0.026990
442.000000 0.027019
447.000000 0.027159
460.000000 0.027500
484.000000 0.027838
487.000000 0.028018
498.000000 0.029457
538.000000 0.046066
554.000000 0.051853
592.000000 0.101918
592.000000 0.101918
605.000000 0.119950
611.000000 0.125659
614.000000 0.127746
638.000000 0.135305
666.000000 0.137462
686.000000 0.138427
693.000000 0.138703
698.000000 0.139052
702.000000 0.139138
728.000000 0.139871
731.000000 0.139762
734.000000 0.137702
744.000000 0.114538
749.000000 0.095700
752.000000 0.083057
752.000000 0.083057
755.000000 0.069950
387.000000 0.022276
392.000000 0.023386
394.000000 0.024136
396.000000 0.025064
400.000000 0.026100
410.000000 0.026800
411.000000 0.026802
418.000000 0.026890
432.000000 0.026910
435.000000 0.026950
448.000000 0.027181
458.000000 0.027471
473.000000 0.027541
482.000000 0.027738
498.000000 0.029457
511.000000 0.034871
517.000000 0.040257
523.000000 0.042339
523.000000 0.042339
536.000000 0.045716
559.000000 0.056326
585.000000 0.092900
622.000000 0.132229
636.000000 0.135055
641.000000 0.135420
689.000000 0.138588
701.000000 0.139110
706.000000 0.139362
712.000000 0.139510
720.000000 0.139600
730.000000 0.139900
759.000000 0.052554
763.000000 0.036251
385.000000 0.021100
394.000000 0.024136
394.000000 0.024136
400.000000 0.026100
405.000000 0.026450
411.000000 0.026802
413.000000 0.026821
423.000000 0.026900
443.000000 0.027041
453.000000 0.027262
457.000000 0.027438
460.000000 0.027500
464.000000 0.027500
468.000000 0.027500
475.000000 0.027600
497.000000 0.029291
500.000000 0.029600
511.000000 0.034871
512.000000 0.035368
532.000000 0.044934
537.000000 0.045911
570.000000 0.069300
574.000000 0.074793
607.000000 0.123212
624.000000 0.132829
629.000000 0.134341
641.000000 0.135420
644.000000 0.135676
717.000000 0.139579
739.000000 0.129011
748.000000 0.099733
760.000000 0.048334
768.000000 0.018959
397.000000 0.025482
405.000000 0.026450
412.000000 0.026810
415.000000 0.026850
428.000000 0.026900
431.000000 0.026902
434.000000 0.026935
460.000000 0.027500
472.000000 0.027519
481.000000 0.027710
510.000000 0.034700
528.000000 0.044504
576.000000 0.079707
576.000000 0.079707
599.000000 0.114062
608.000000 0.124440
620.000000 0.132000
649.000000 0.136180
672.000000 0.137648
672.000000 0.137648
684.000000 0.138273
684.000000 0.138273
691.000000 0.138612
692.000000 0.138648
702.000000 0.139138
720.000000 0.139600
720.000000 0.139600
727.000000 0.139838
735.000000 0.136476
736.000000 0.134988
768.000000 0.018959
776.000000 0.002198
779.000000 0.000138
396.000000 0.025064
432.000000 0.026910
450.000000 0.027200
473.000000 0.027541
496.000000 0.029082
499.000000 0.029563
499.000000 0.029563
504.000000 0.031362
506.000000 0.032938
518.000000 0.041032
519.000000 0.041529
533.000000 0.045089
563.000000 0.059138
565.000000 0.062900
574.000000 0.074793
583.000000 0.088374
593.000000 0.103444
614.000000 0.127746
635.000000 0.134900
656.000000 0.136855
661.000000 0.137210
669.000000 0.137590
669.000000 0.137590
685.000000 0.138350
711.000000 0.139502
716.000000 0.139565
728.000000 0.139871
733.000000 0.138661
757.000000 0.061183
761.000000 0.044200
763.000000 0.036251
764.000000 0.032469
779.000000 0.000138
394.000000 0.024136
404.000000 0.026342
430.000000 0.026900
451.000000 0.027207
462.000000 0.027500
475.000000 0.027600
483.000000 0.027782
525.000000 0.043250
530.000000 0.044800
531.000000 0.044834
563.000000 0.059138
569.000000 0.068987
573.000000 0.072577
577.000000 0.081923
596.000000 0.109632
614.000000 0.127746
623.000000 0.132495
637.000000 0.135194
639.000000 0.135376
648.000000 0.136124
653.000000 0.136406
655.000000 0.136700
665.000000 0.137400
670.000000 0.137600
676.000000 0.137927
687.000000 0.138497
693.000000 0.138703
710.000000 0.139500
713.000000 0.139521
714.000000 0.139535
739.000000 0.129011
759.000000 0.052554
766.000000 0.025362
384.000000 0.020482
411.000000 0.026802
418.000000 0.026890
421.000000 0.026900
437.000000 0.026979
442.000000 0.027019
489.000000 0.028090
493.000000 0.028409
497.000000 0.029291
497.000000 0.029291
524.000000 0.042771
525.000000 0.043250
540.000000 0.046200
544.000000 0.047306
554.000000 0.051853
556.000000 0.054047
558.000000 0.055822
572.000000 0.070818
584.000000 0.090521
587.000000 0.097426
595.000000 0.107500
599.000000 0.114062
606.000000 0.121665
626.000000 0.133571
633.000000 0.134606
646.000000 0.135924
703.000000 0.139182
706.000000 0.139362
721.000000 0.139607
724.000000 0.139704
751.000000 0.087346
752.000000 0.083057
773.000000 0.006657
409.000000 0.026783
410.000000 0.026800
421.000000 0.026900
427.000000 0.026900
428.000000 0.026900
452.000000 0.027229
454.000000 0.027304
471.000000 0.027505
523.000000 0.042339
526.000000 0.043729
565.000000 0.062900
587.000000 0.097426
587.000000 0.097426
602.000000 0.115460
603.000000 0.116688
617.000000 0.130660
623.000000 0.132495
629.000000 0.134341
646.000000 0.135924
665.000000 0.137400
678.000000 0.138052
679.000000 0.138088
681.000000 0.138112
684.000000 0.138273
720.000000 0.139600
720.000000 0.139600
725.000000 0.139750
732.000000 0.139348
746.000000 0.107431
746.000000 0.107431
750.000000 0.091566
757.000000 0.061183
780.000000 0.000000
381.000000 0.131055
387.000000 0.192532
410.000000 0.669200
411.000000 0.673595
417.000000 0.811783
419.000000 0.844405
458.000000 0.917456
480.000000 0.918400
486.000000 0.918924
518.000000 0.917738
542.000000 0.917262
570.000000 0.914700
594.000000 0.909167
612.000000 0.905124
656.000000 0.908898
708.000000 0.905062
735.000000 0.885194
738.000000 0.851280
758.000000 0.368685
764.000000 0.210595
412.000000 0.686350
414.000000 0.731250
415.000000 0.759000
440.000000 0.910000
445.000000 0.912100
446.000000 0.912749
450.000000 0.914200
454.000000 0.915444
459.000000 0.917712
479.000000 0.918400
480.000000 0.918400
527.000000 0.915556
549.000000 0.918758
558.000000 0.915272
558.000000 0.915272
558.000000 0.915272
569.000000 0.914705
571.000000 0.914617
574.000000 0.913525
581.000000 0.911271
600.000000 0.907400
604.000000 0.906640
619.000000 0.904420
639.000000 0.904963
641.000000 0.905049
677.000000 0.904933
680.000000 0.904500
683.000000 0.904459
708.000000 0.905062
718.000000 0.904648
725.000000 0.906000
725.000000 0.906000
726.000000 0.906433
733.000000 0.899364
390.000000 0.209000
398.000000 0.383208
408.000000 0.643646
425.000000 0.874500
428.000000 0.895292
429.000000 0.898942
435.000000 0.905100
437.000000 0.907980
445.000000 0.912100
447.000000 0.913334
448.000000 0.913799
455.000000 0.916000
459.000000 0.917712
492.000000 0.919143
502.000000 0.918552
505.000000 0.918350
533.000000 0.915433
553.000000 0.917996
559.000000 0.914995
572.000000 0.914375
597.000000 0.907956
605.000000 0.906300
610.000000 0.905200
612.000000 0.905124
622.000000 0.904314
623.000000 0.904215
638.000000 0.904857
639.000000 0.904963
641.000000 0.905049
663.000000 0.909220
690.000000 0.904300
706.000000 0.904962
726.000000 0.906433
754.000000 0.482188
424.000000 0.866558
482.000000 0.918476
487.000000 0.919035
492.000000 0.919143
509.000000 0.918112
509.000000 0.918112
518.000000 0.917738
520.000000 0.917700
522.000000 0.917442
543.000000 0.917450
552.000000 0.918428
557.000000 0.915704
578.000000 0.911625
582.000000 0.911185
583.000000 0.911053
585.000000 0.910700
594.000000 0.909167
600.000000 0.907400
628.000000 0.903586
631.000000 0.903537
632.000000 0.903643
641.000000 0.905049
642.000000 0.905191
668.000000 0.906915
671.000000 0.906549
672.000000 0.906399
706.000000 0.904962
707.000000 0.905018
708.000000 0.905062
719.000000 0.904612
740.000000 0.820751
740.000000 0.820751
742.000000 0.784433
758.000000 0.368685
390.000000 0.209000
392.000000 0.227392
399.000000 0.396887
409.000000 0.662651
414.000000 0.731250
431.000000 0.900440
433.000000 0.902220
442.000000 0.910401
447.000000 0.913334
468.000000 0.918343
476.000000 0.918400
485.000000 0.918800
488.000000 0.919124
510.000000 0.918100
514.000000 0.917962
538.000000 0.916899
542.000000 0.917262
551.000000 0.918705
573.000000 0.913999
576.000000 0.912475
578.000000 0.911625
596.000000 0.908333
615.000000 0.904800
657.000000 0.909302
668.000000 0.906915
669.000000 0.906681
687.000000 0.904341
696.000000 0.904562
699.000000 0.904690
710.000000 0.905100
715.000000 0.904850
719.000000 0.904612
749.000000 0.620718
767.000000 0.143121
387.000000 0.022276
399.000000 0.026027
403.000000 0.026244
413.000000 0.026821
445.000000 0.027100
449.000000 0.027195
485.000000 0.027900
486.000000 0.027962
497.000000 0.029291
509.000000 0.034575
510.000000 0.034700
520.000000 0.041700
524.000000 0.042771
524.000000 0.042771
526.000000 0.043729
541.000000 0.046278
556.000000 0.054047
587.000000 0.097426
592.000000 0.101918
607.000000 0.123212
625.000000 0.133200
658.000000 0.137105
661.000000 0.137210
662.000000 0.137238
663.000000 0.137282
671.000000 0.137612
677.000000 0.137997
718.000000 0.139590
732.000000 0.139348
739.000000 0.129011
740.000000 0.126541
743.000000 0.117834
749.000000 0.095700
779.000000 0.000138
384.000000 0.020482
398.000000 0.025814
439.000000 0.026998
508.000000 0.034213
511.000000 0.034871
536.000000 0.045716
576.000000 0.079707
578.000000 0.083682
587.000000 0.097426
588.000000 0.099129
588.000000 0.099129
589.000000 0.100223
613.000000 0.126840
614.000000 0.127746
629.000000 0.134341
638.000000 0.135305
657.000000 0.136994
664.000000 0.137338
668.000000 0.137562
674.000000 0.137773
708.000000 0.139462
729.000000 0.139893
761.000000 0.044200
